0          614       
0          767       
0          784       
1          971       
2          555       
2          591       
2          873       
2          874       
3          387       
3          581       
3          867       
3          881       
4          227       
6          565       
6          586       
6          844       
6          867       
7          288       
7          780       
7          818       
7          870       
7          968       
8          994       
9          624       
9          842       
10         131       
10         874       
10         893       
11         181       
11         782       
12         613       
13         492       
13         620       
16         72        
16         709       
16         793       
17         301       
17         768       
17         985       
18         20        
18         511       
18         561       
18         817       
18         825       
18         940       
18         960       
18         1021      
19         294       
19         725       
19         876       
20         526       
20         827       
21         460       
21         949       
22         290       
22         768       
22         838       
22         871       
23         993       
23         997       
24         582       
24         784       
24         904       
24         969       
25         619       
25         786       
25         813       
25         900       
26         529       
27         391       
28         418       
28         823       
29         26        
30         345       
30         759       
31         330       
31         367       
32         124       
32         304       
33         397       
33         557       
34         75        
34         168       
34         390       
34         515       
35         366       
35         372       
35         744       
36         175       
36         624       
36         737       
36         935       
37         721       
37         836       
37         975       
38         107       
38         252       
38         801       
39         509       
39         637       
40         71        
40         895       
41         226       
42         878       
43         352       
43         996       
45         561       
46         548       
49         232       
49         764       
50         812       
50         821       
50         832       
51         844       
53         748       
53         760       
53         927       
54         31        
54         228       
54         554       
55         254       
55         822       
56         39        
56         852       
56         854       
57         294       
57         610       
58         374       
58         526       
58         548       
59         787       
59         878       
60         752       
60         868       
61         719       
62         424       
63         548       
64         823       
65         228       
65         740       
66         390       
66         526       
67         1011      
69         895       
70         38        
70         291       
71         788       
72         50        
72         65        
72         770       
73         719       
74         265       
74         842       
75         736       
75         865       
77         551       
77         902       
79         609       
79         625       
80         587       
80         818       
80         826       
81         897       
81         958       
82         868       
83         49        
84         551       
84         804       
84         828       
84         835       
84         1021      
85         629       
86         759       
86         785       
86         999       
87         715       
87         769       
87         1001      
89         259       
89         599       
89         611       
89         669       
89         864       
91         833       
92         484       
92         646       
94         900       
94         968       
96         207       
96         358       
96         838       
98         708       
99         946       
100        557       
100        632       
101        210       
101        667       
102        8         
102        308       
102        594       
102        732       
102        805       
102        827       
103        561       
103        961       
104        366       
104        517       
104        631       
104        834       
105        674       
105        745       
106        864       
106        933       
107        600       
110        717       
110        783       
110        907       
111        263       
111        964       
112        16        
112        948       
113        521       
113        862       
113        881       
114        524       
114        843       
115        741       
115        997       
116        523       
117        689       
117        778       
118        179       
118        879       
119        126       
121        609       
121        896       
122        786       
122        801       
124        781       
126        970       
128        729       
128        936       
129        679       
129        878       
130        907       
131        936       
132        353       
132        963       
133        184       
133        700       
133        706       
133        910       
134        469       
134        668       
134        867       
134        964       
134        971       
135        661       
135        683       
135        747       
135        786       
135        835       
136        844       
137        679       
138        736       
138        904       
139        907       
139        929       
139        930       
139        995       
140        805       
141        982       
141        983       
142        575       
142        930       
143        295       
143        674       
143        987       
144        200       
144        534       
144        737       
145        3         
145        173       
145        206       
145        222       
145        359       
145        505       
145        619       
145        679       
146        1         
146        480       
146        684       
146        739       
147        603       
147        697       
147        838       
147        869       
148        560       
148        944       
149        531       
149        720       
149        938       
150        427       
150        452       
150        511       
150        712       
150        910       
150        945       
150        1011      
151        313       
151        616       
151        657       
151        726       
151        879       
151        1009      
152        520       
152        981       
153        71        
153        682       
153        865       
154        625       
154        1007      
155        367       
155        902       
155        962       
155        975       
156        148       
156        224       
156        257       
156        586       
156        604       
156        757       
156        917       
157        731       
159        43        
159        613       
159        672       
159        766       
160        643       
160        938       
160        997       
161        187       
161        551       
161        952       
162        510       
162        579       
162        920       
163        993       
164        388       
164        705       
164        769       
164        992       
164        1002      
164        1007      
165        428       
165        607       
165        681       
165        735       
165        994       
165        1001      
165        1002      
166        794       
166        909       
166        934       
166        938       
167        396       
167        557       
167        935       
167        982       
168        945       
169        723       
170        130       
170        322       
170        758       
170        973       
171        432       
171        671       
171        947       
171        962       
171        1017      
172        946       
174        425       
175        805       
176        368       
176        488       
176        575       
176        920       
177        616       
177        657       
177        721       
177        806       
177        985       
178        378       
178        818       
178        930       
178        1011      
179        683       
179        751       
180        764       
180        802       
181        52        
181        108       
181        902       
181        933       
182        166       
182        831       
182        934       
183        221       
183        502       
183        559       
184        901       
185        986       
186        372       
186        672       
186        677       
187        509       
187        916       
187        991       
188        734       
188        928       
189        503       
190        864       
190        938       
190        942       
192        284       
192        625       
192        982       
194        681       
195        859       
195        932       
195        1002      
196        578       
196        588       
196        740       
198        20        
198        533       
198        649       
199        762       
200        502       
200        920       
200        935       
201        838       
202        663       
203        758       
203        933       
204        249       
205        780       
208        570       
208        661       
209        317       
209        825       
209        901       
210        719       
211        634       
211        651       
212        148       
212        890       
212        940       
216        301       
216        681       
216        769       
217        924       
218        2         
219        903       
221        687       
225        288       
225        634       
226        0         
227        571       
228        902       
230        204       
230        428       
230        643       
230        762       
231        708       
232        802       
232        970       
233        295       
233        835       
234        454       
234        957       
235        460       
237        801       
240        676       
240        861       
241        29        
241        697       
241        815       
242        702       
243        263       
243        657       
243        762       
244        718       
244        949       
245        595       
245        933       
246        428       
246        543       
246        673       
246        788       
247        1019      
248        621       
248        880       
248        915       
249        379       
249        939       
254        840       
256        783       
257        323       
257        529       
257        804       
258        273       
258        332       
258        623       
258        857       
259        589       
259        1001      
260        455       
260        685       
260        838       
261        56        
261        123       
261        705       
261        827       
262        64        
262        604       
263        60        
263        673       
263        779       
265        972       
266        572       
266        808       
266        821       
267        39        
267        645       
268        741       
269        20        
269        317       
269        939       
270        532       
270        554       
272        374       
274        809       
275        609       
275        858       
276        53        
276        64        
276        633       
276        734       
277        412       
277        566       
278        7         
278        575       
278        846       
278        849       
278        999       
279        43        
279        793       
280        13        
280        85        
280        479       
280        480       
280        594       
280        888       
281        135       
281        781       
282        152       
282        553       
282        613       
282        743       
282        828       
283        40        
283        833       
283        937       
285        71        
286        910       
287        853       
288        31        
288        609       
288        807       
288        829       
288        835       
289        288       
289        555       
291        281       
292        829       
293        623       
293        1002      
294        749       
294        807       
295        84        
295        520       
295        912       
296        185       
296        560       
301        548       
301        789       
302        560       
303        561       
303        607       
303        622       
303        816       
303        995       
304        73        
304        106       
304        626       
304        749       
305        463       
305        627       
306        260       
306        529       
306        693       
306        726       
307        47        
307        707       
307        719       
307        811       
308        573       
308        863       
309        38        
309        375       
309        392       
309        615       
309        780       
310        15        
310        261       
310        776       
311        984       
313        820       
315        703       
315        1007      
316        930       
318        387       
321        261       
321        544       
322        772       
324        553       
325        60        
329        615       
329        833       
329        888       
330        319       
330        875       
332        557       
332        840       
333        392       
334        610       
334        614       
338        860       
339        553       
339        634       
339        723       
339        887       
340        339       
341        617       
342        924       
343        9         
343        805       
345        544       
346        818       
347        305       
348        724       
351        795       
352        61        
353        717       
354        291       
354        546       
355        109       
355        379       
359        881       
361        685       
361        863       
362        877       
368        817       
368        829       
370        614       
370        955       
371        47        
371        175       
372        693       
373        46        
373        105       
376        1017      
378        758       
380        976       
382        563       
382        704       
382        724       
383        1003      
384        268       
384        707       
384        833       
385        921       
386        50        
386        751       
386        916       
386        947       
387        547       
388        340       
388        560       
388        694       
388        908       
389        558       
389        716       
389        733       
391        191       
391        804       
392        335       
392        561       
392        683       
392        793       
393        673       
394        370       
394        713       
394        930       
395        711       
396        837       
399        686       
400        707       
401        438       
401        757       
401        976       
402        261       
402        408       
402        825       
402        954       
402        1003      
403        260       
403        425       
404        28        
404        399       
404        604       
405        493       
405        835       
405        989       
406        251       
406        914       
407        220       
407        805       
407        820       
408        588       
409        656       
410        235       
410        608       
410        625       
410        963       
411        534       
412        562       
413        775       
414        91        
414        668       
414        1021      
415        197       
415        531       
415        701       
415        948       
418        334       
418        621       
419        101       
419        608       
419        736       
419        939       
420        364       
420        588       
420        930       
421        742       
421        749       
422        749       
422        825       
423        73        
424        727       
425        200       
425        575       
426        42        
426        755       
428        624       
428        645       
428        768       
428        941       
429        148       
430        614       
433        630       
433        640       
433        871       
433        955       
434        643       
434        809       
434        1000      
435        133       
435        698       
436        570       
436        665       
436        703       
436        730       
436        1001      
437        335       
437        873       
438        618       
438        708       
440        749       
441        169       
442        443       
442        674       
442        968       
442        976       
443        622       
443        763       
444        70        
444        720       
445        709       
446        685       
447        159       
447        626       
447        875       
447        931       
448        385       
448        769       
448        832       
448        846       
449        759       
450        651       
450        720       
452        724       
453        765       
454        713       
455        386       
459        231       
459        823       
459        1013      
461        422       
464        537       
464        872       
466        274       
466        755       
466        988       
467        571       
467        589       
468        473       
468        697       
468        998       
469        564       
469        647       
469        828       
469        1019      
470        651       
470        792       
472        401       
472        676       
474        832       
477        609       
478        992       
479        812       
480        682       
480        824       
481        302       
481        618       
481        803       
482        298       
482        372       
482        947       
482        1013      
483        194       
483        519       
483        777       
486        672       
486        935       
486        956       
489        693       
490        837       
490        926       
494        885       
494        924       
495        814       
497        529       
497        672       
497        734       
497        869       
498        19        
498        578       
498        648       
498        700       
499        771       
500        590       
501        787       
502        740       
502        932       
504        930       
505        779       
506        728       
506        974       
507        815       
509        757       
509        821       
510        10        
512        66        
512        744       
512        953       
514        75        
514        768       
514        838       
514        887       
514        890       
515        488       
515        631       
515        761       
515        881       
515        961       
516        292       
516        421       
516        612       
516        700       
516        840       
517        198       
518        9         
518        36        
518        233       
518        608       
519        262       
519        706       
519        749       
519        781       
519        1016      
520        46        
521        301       
523        6         
523        129       
523        291       
523        295       
523        357       
523        585       
524        5         
524        184       
524        999       
525        281       
525        292       
525        879       
526        46        
526        96        
526        386       
526        556       
527        284       
527        358       
527        395       
527        420       
527        617       
528        217       
528        250       
528        307       
528        591       
528        600       
529        97        
529        225       
529        269       
529        292       
529        375       
529        712       
529        759       
529        832       
530        111       
530        224       
530        301       
530        305       
531        318       
531        400       
531        411       
531        725       
532        267       
532        296       
532        563       
532        984       
533        44        
533        305       
533        376       
533        424       
533        875       
533        953       
534        140       
534        461       
535        396       
535        432       
535        808       
536        41        
536        864       
536        993       
537        100       
537        123       
537        781       
537        805       
538        316       
539        73        
539        491       
539        862       
540        9         
540        356       
540        362       
541        563       
542        182       
542        246       
542        253       
542        310       
542        327       
542        352       
542        360       
542        803       
542        864       
542        1010      
543        24        
543        261       
543        367       
544        226       
544        264       
544        293       
544        357       
544        378       
544        404       
544        690       
544        810       
545        622       
545        756       
546        40        
546        108       
546        474       
546        872       
546        874       
546        994       
547        64        
547        289       
547        609       
547        1001      
548        248       
548        377       
548        388       
548        540       
548        545       
549        74        
550        93        
550        653       
550        872       
550        997       
551        68        
551        741       
552        54        
553        929       
554        262       
554        282       
554        296       
554        493       
555        164       
555        384       
555        421       
555        463       
556        678       
556        803       
556        954       
557        105       
558        127       
558        781       
558        874       
559        275       
559        1014      
560        90        
560        258       
560        479       
560        578       
560        679       
561        691       
561        805       
561        853       
561        872       
562        105       
562        308       
562        318       
562        422       
563        36        
563        60        
563        481       
563        869       
564        294       
564        571       
564        974       
564        1013      
565        35        
565        36        
565        381       
566        45        
566        204       
566        636       
567        78        
567        275       
567        583       
568        793       
568        993       
570        3         
570        391       
570        394       
570        551       
570        840       
572        520       
573        37        
573        502       
573        683       
573        717       
574        485       
574        709       
575        444       
575        606       
576        135       
576        338       
576        364       
576        493       
576        718       
577        587       
577        627       
577        890       
578        648       
578        827       
580        480       
581        636       
581        701       
582        0         
582        63        
582        234       
582        342       
582        492       
582        836       
584        264       
584        873       
585        363       
586        359       
586        674       
588        512       
589        209       
589        876       
589        963       
590        581       
593        345       
593        535       
593        617       
593        833       
594        178       
594        385       
594        586       
595        812       
595        849       
596        90        
596        589       
597        505       
597        571       
597        866       
597        950       
598        13        
598        295       
598        325       
598        458       
598        746       
598        834       
598        1016      
599        394       
599        528       
599        987       
600        57        
600        330       
600        517       
601        139       
601        362       
601        364       
602        594       
603        64        
603        263       
603        369       
603        469       
606        886       
606        949       
607        44        
607        903       
608        684       
609        267       
610        4         
610        257       
610        810       
610        853       
611        221       
611        261       
611        822       
612        363       
613        71        
613        589       
614        97        
614        101       
615        49        
616        515       
616        810       
618        594       
619        928       
620        93        
621        36        
621        288       
621        975       
623        45        
623        420       
624        138       
624        749       
624        783       
625        276       
625        523       
625        635       
626        302       
626        360       
626        442       
626        532       
626        545       
626        960       
626        1000      
627        95        
627        371       
628        424       
628        709       
629        568       
629        589       
630        261       
630        360       
630        812       
630        971       
631        155       
631        302       
631        753       
632        308       
632        574       
633        665       
633        924       
634        113       
636        559       
638        101       
638        122       
639        683       
640        8         
640        34        
640        120       
640        295       
640        305       
640        417       
640        753       
640        900       
640        934       
641        31        
641        219       
641        378       
641        683       
641        1017      
642        160       
642        850       
642        864       
643        143       
643        184       
643        198       
643        350       
643        557       
643        792       
644        177       
644        179       
644        518       
645        41        
645        495       
645        558       
646        291       
646        334       
646        892       
646        977       
647        397       
647        561       
647        996       
648        803       
650        91        
650        319       
650        569       
650        673       
650        962       
651        689       
652        685       
653        133       
653        425       
655        291       
656        114       
656        776       
657        190       
657        253       
657        489       
657        673       
658        15        
658        449       
658        698       
658        725       
658        820       
659        140       
659        235       
659        281       
659        461       
659        856       
659        931       
659        950       
660        52        
660        200       
660        363       
660        500       
660        525       
660        756       
660        769       
660        982       
661        308       
661        324       
661        427       
661        813       
661        881       
661        960       
662        29        
662        56        
662        256       
662        823       
663        107       
663        559       
663        618       
663        939       
664        308       
664        455       
664        501       
665        596       
665        826       
666        331       
666        659       
668        256       
668        819       
669        54        
669        267       
669        480       
669        501       
670        228       
670        257       
671        592       
673        75        
673        258       
673        299       
673        354       
673        480       
673        655       
673        966       
673        1003      
674        131       
674        421       
674        663       
675        506       
675        619       
675        898       
675        937       
676        185       
676        320       
677        224       
677        348       
677        426       
677        435       
677        448       
677        539       
677        746       
678        456       
679        189       
679        238       
679        332       
679        437       
680        28        
680        36        
680        42        
680        193       
680        226       
680        337       
680        482       
681        224       
681        368       
681        552       
681        929       
682        302       
682        438       
683        492       
684        238       
684        516       
685        33        
685        513       
686        126       
686        454       
686        693       
687        517       
687        680       
688        241       
688        477       
688        732       
688        1007      
689        175       
689        648       
689        664       
689        965       
690        298       
690        592       
690        677       
690        834       
690        935       
690        958       
690        960       
690        964       
690        999       
691        52        
691        98        
691        159       
691        322       
691        414       
691        436       
692        136       
692        206       
692        289       
692        512       
692        761       
692        902       
692        934       
693        482       
693        935       
694        55        
694        736       
695        310       
695        359       
695        562       
695        974       
695        990       
696        241       
696        309       
696        387       
698        489       
699        44        
699        161       
699        198       
699        589       
699        899       
700        365       
700        445       
700        453       
700        936       
701        669       
701        675       
702        289       
702        340       
702        675       
702        706       
703        11        
704        744       
704        776       
705        353       
705        440       
705        491       
705        1006      
706        20        
706        122       
706        233       
706        588       
706        955       
707        487       
708        160       
709        396       
710        421       
710        733       
711        436       
711        565       
711        778       
713        121       
713        352       
713        516       
713        706       
713        771       
714        192       
715        555       
715        942       
717        527       
718        415       
719        111       
719        761       
720        510       
720        533       
720        664       
721        79        
721        183       
721        394       
721        626       
721        837       
721        984       
722        423       
722        490       
722        745       
722        775       
722        866       
722        905       
723        779       
724        37        
724        444       
724        706       
726        415       
726        700       
727        467       
727        488       
727        553       
728        466       
728        819       
728        943       
730        905       
731        61        
731        504       
732        512       
734        648       
734        866       
735        785       
736        325       
736        449       
736        886       
737        492       
737        764       
738        580       
739        588       
739        695       
740        142       
740        182       
740        624       
740        676       
740        982       
741        253       
741        357       
741        446       
742        100       
742        423       
743        335       
743        905       
745        793       
745        1016      
746        149       
746        313       
747        428       
747        480       
747        960       
748        203       
748        314       
748        413       
748        429       
750        513       
750        587       
752        473       
752        976       
753        487       
753        714       
753        959       
754        116       
754        200       
754        465       
754        665       
754        675       
754        698       
754        884       
755        217       
755        426       
755        933       
756        122       
756        510       
756        952       
757        890       
757        1021      
758        36        
758        48        
758        660       
758        940       
759        150       
759        423       
759        599       
759        835       
759        883       
759        902       
759        929       
759        994       
759        995       
760        520       
761        465       
761        557       
761        683       
761        754       
762        257       
763        228       
763        935       
764        356       
764        781       
764        1017      
766        886       
766        976       
767        419       
768        277       
770        42        
770        628       
770        682       
770        853       
771        323       
771        836       
771        918       
771        1003      
772        61        
772        270       
772        365       
772        597       
773        175       
773        319       
774        261       
775        141       
775        239       
775        263       
775        608       
775        746       
775        951       
776        640       
776        688       
780        214       
780        844       
782        6         
782        340       
783        70        
783        473       
783        737       
783        857       
784        22        
785        11        
785        232       
785        331       
785        493       
785        517       
785        522       
785        653       
785        685       
786        134       
786        160       
786        438       
786        724       
786        936       
788        502       
789        76        
789        159       
789        395       
789        602       
789        935       
790        24        
790        352       
790        469       
791        353       
791        582       
791        654       
791        955       
792        761       
792        844       
793        171       
793        1000      
794        10        
794        262       
794        427       
795        233       
795        808       
796        298       
796        577       
797        477       
798        62        
799        229       
799        322       
799        388       
799        428       
799        513       
800        701       
800        799       
801        387       
801        517       
801        815       
802        204       
802        418       
802        743       
802        777       
803        41        
803        279       
803        603       
803        954       
804        259       
804        1018      
805        172       
805        276       
806        930       
806        959       
809        354       
810        602       
810        846       
811        52        
811        294       
812        33        
812        544       
813        619       
814        100       
815        28        
816        180       
816        196       
816        420       
816        535       
816        545       
817        8         
817        404       
818        350       
818        538       
819        453       
819        1012      
820        513       
820        641       
820        773       
820        936       
822        180       
822        371       
822        372       
822        604       
822        612       
822        635       
822        885       
823        43        
823        190       
823        279       
823        559       
825        231       
826        66        
826        212       
826        703       
826        897       
827        803       
828        298       
828        371       
828        613       
830        820       
831        7         
831        299       
831        563       
832        278       
832        311       
833        368       
834        4         
835        697       
836        20        
836        441       
837        689       
838        328       
839        202       
839        642       
842        418       
842        626       
843        85        
848        357       
848        516       
849        296       
849        588       
849        904       
851        529       
852        515       
852        855       
852        900       
853        837       
854        223       
854        612       
855        696       
855        815       
856        700       
857        513       
857        779       
858        337       
858        981       
859        708       
859        899       
860        69        
861        575       
862        613       
863        737       
863        930       
863        936       
864        396       
864        796       
865        504       
865        573       
866        312       
866        484       
867        298       
867        305       
867        984       
868        941       
869        44        
871        13        
871        421       
871        583       
872        481       
872        813       
875        99        
875        419       
879        614       
880        791       
881        549       
881        618       
881        708       
881        868       
882        40        
882        755       
883        570       
884        7         
884        325       
884        589       
884        705       
885        805       
886        940       
887        664       
887        807       
888        84        
889        716       
890        601       
890        992       
892        842       
894        158       
894        404       
894        480       
895        292       
895        620       
896        281       
896        553       
897        33        
897        362       
897        880       
898        138       
898        172       
898        235       
898        547       
898        778       
899        110       
899        727       
899        850       
900        204       
900        676       
900        996       
901        135       
901        454       
901        819       
902        140       
902        646       
902        654       
902        686       
903        61        
903        484       
903        806       
905        5         
905        137       
905        493       
906        35        
908        165       
908        234       
909        51        
910        429       
911        557       
911        807       
911        999       
912        634       
912        777       
912        914       
913        132       
913        308       
913        953       
914        49        
914        930       
915        36        
915        817       
915        820       
916        412       
916        909       
917        40        
917        475       
917        995       
918        48        
918        270       
918        445       
918        964       
919        135       
919        139       
919        553       
919        650       
920        363       
920        786       
921        161       
921        312       
921        429       
922        419       
923        149       
923        753       
924        234       
924        488       
925        425       
926        902       
926        972       
928        114       
928        539       
928        1018      
929        46        
929        682       
930        261       
930        409       
930        420       
931        233       
933        487       
934        359       
934        906       
935        218       
935        238       
935        960       
936        654       
936        658       
937        401       
938        306       
939        400       
939        485       
944        64        
944        362       
945        57        
945        681       
945        777       
946        117       
946        123       
946        696       
946        789       
947        35        
947        354       
947        883       
948        76        
948        151       
948        232       
948        234       
948        320       
948        528       
948        698       
948        823       
948        899       
949        10        
949        492       
950        117       
950        327       
950        547       
950        652       
950        828       
951        237       
951        241       
951        654       
951        745       
952        548       
954        48        
955        66        
955        738       
956        938       
958        68        
958        545       
958        549       
959        171       
959        207       
959        273       
960        709       
962        143       
962        544       
962        662       
963        239       
963        382       
964        908       
965        93        
966        14        
966        408       
967        864       
968        13        
968        289       
970        569       
972        565       
974        428       
974        864       
974        898       
976        217       
976        424       
976        652       
977        11        
977        609       
977        703       
978        16        
978        50        
978        493       
978        606       
978        1020      
979        377       
980        1016      
981        787       
982        101       
982        385       
982        714       
983        141       
984        206       
984        955       
985        175       
985        549       
987        41        
988        39        
989        673       
990        87        
992        552       
992        682       
995        241       
995        803       
996        295       
997        55        
998        599       
999        971       
1000       192       
1001       481       
1002       448       
1002       741       
1002       932       
1002       1016      
1004       767       
1004       951       
1005       246       
1005       378       
1006       182       
1008       161       
1008       234       
1009       107       
1009       294       
1009       449       
1009       753       
1012       458       
1012       505       
1012       736       
1013       269       
1014       122       
1014       128       
1015       9         
1015       617       
1017       480       
1018       416       
1022       37        
1022       46        
1022       163       
1022       673       
1023       229       
1023       548       
