0          182       
0          888       
1          162       
2          327       
3          669       
3          745       
4          643       
4          713       
5          269       
5          354       
5          456       
5          509       
5          761       
6          37        
6          925       
7          461       
7          561       
9          372       
10         359       
10         466       
10         471       
10         774       
11         0         
11         441       
12         339       
12         454       
12         602       
13         26        
13         704       
13         915       
13         1007      
14         39        
14         195       
14         407       
15         423       
15         977       
15         996       
16         9         
16         142       
16         322       
16         387       
19         194       
19         303       
19         499       
20         5         
20         368       
21         64        
21         96        
22         442       
23         24        
23         361       
23         454       
24         327       
24         378       
24         865       
24         883       
24         1012      
25         172       
25         462       
26         52        
26         329       
26         410       
26         437       
26         857       
27         666       
28         331       
28         540       
28         832       
28         997       
29         327       
29         495       
30         160       
30         304       
30         731       
30         837       
30         903       
31         65        
31         206       
31         241       
31         406       
31         763       
31         913       
31         970       
31         1011      
32         52        
32         773       
34         295       
35         96        
35         397       
36         675       
36         934       
37         915       
38         648       
38         650       
38         963       
39         23        
39         287       
42         499       
43         266       
43         761       
43         836       
44         369       
45         562       
45         993       
46         935       
47         379       
48         28        
48         221       
48         500       
49         446       
50         276       
50         767       
51         838       
52         9         
52         10        
52         291       
52         505       
52         732       
54         752       
56         591       
58         391       
59         358       
60         392       
61         560       
61         844       
62         732       
62         976       
63         657       
64         60        
64         431       
65         49        
65         713       
67         794       
68         458       
68         602       
68         613       
69         103       
69         203       
69         266       
69         282       
69         509       
70         141       
70         339       
70         1010      
71         184       
73         467       
73         671       
73         760       
73         940       
74         365       
74         582       
76         96        
76         210       
77         209       
77         257       
78         265       
78         367       
78         400       
78         449       
79         248       
79         393       
79         397       
79         437       
79         812       
83         332       
84         112       
84         660       
84         969       
85         289       
85         359       
86         66        
87         153       
87         324       
87         461       
87         555       
87         613       
87         789       
87         898       
88         68        
88         99        
88         388       
89         236       
90         718       
91         986       
92         773       
92         821       
92         859       
93         176       
93         711       
94         385       
94         447       
95         80        
95         176       
95         914       
96         880       
97         533       
100        332       
100        605       
102        363       
104        271       
105        22        
105        98        
105        227       
105        293       
108        147       
108        260       
108        465       
109        29        
109        517       
109        543       
110        451       
111        493       
112        361       
115        417       
116        170       
117        466       
121        63        
121        68        
121        390       
121        718       
122        13        
122        72        
124        1009      
125        443       
126        134       
126        589       
126        898       
129        994       
130        486       
132        290       
133        484       
134        208       
134        486       
134        793       
134        977       
136        987       
137        179       
137        191       
137        409       
138        405       
138        649       
140        238       
140        553       
140        689       
140        857       
141        553       
141        796       
141        891       
142        180       
142        269       
143        413       
143        571       
143        760       
143        820       
144        427       
144        926       
145        266       
145        703       
147        919       
148        176       
149        244       
149        297       
149        486       
149        555       
150        209       
150        385       
150        672       
151        156       
151        334       
152        300       
152        774       
152        789       
155        480       
155        501       
156        408       
157        202       
157        448       
157        451       
158        201       
158        219       
159        309       
159        422       
163        12        
163        391       
163        906       
164        48        
164        69        
164        366       
165        284       
165        968       
166        147       
166        264       
167        412       
167        579       
167        949       
168        59        
168        169       
169        522       
171        334       
171        455       
172        867       
173        308       
173        403       
174        387       
174        398       
174        722       
175        247       
179        278       
179        557       
180        496       
182        320       
183        128       
183        409       
184        145       
184        452       
184        607       
186        629       
188        832       
190        128       
190        676       
190        722       
191        821       
193        983       
194        471       
194        639       
195        330       
196        475       
196        498       
197        367       
199        494       
199        847       
200        308       
200        469       
201        371       
203        286       
204        302       
204        897       
204        931       
206        137       
206        456       
206        769       
207        265       
207        454       
208        105       
208        325       
208        917       
209        70        
209        91        
209        758       
210        128       
211        256       
213        212       
214        18        
214        225       
214        425       
214        490       
215        227       
215        505       
216        70        
216        151       
216        772       
217        104       
218        260       
218        291       
218        462       
220        74        
220        189       
220        359       
220        714       
220        915       
221        498       
222        273       
222        749       
223        136       
223        313       
223        506       
223        688       
227        211       
228        325       
229        965       
230        33        
231        669       
232        189       
232        263       
233        336       
233        923       
235        983       
236        250       
236        463       
236        704       
236        972       
237        233       
237        444       
238        397       
238        669       
239        483       
240        764       
243        392       
244        942       
245        504       
245        956       
245        1015      
246        31        
246        360       
247        257       
247        487       
249        52        
249        928       
250        453       
250        832       
252        714       
252        989       
253        1017      
254        393       
254        813       
255        136       
255        982       
256        205       
256        589       
256        794       
257        4         
257        134       
257        357       
258        1         
258        85        
258        875       
260        473       
260        681       
260        845       
260        998       
261        66        
261        312       
262        473       
264        2         
264        555       
265        373       
265        798       
266        350       
266        434       
267        631       
268        302       
269        231       
270        857       
270        869       
270        1020      
271        339       
271        379       
272        111       
272        410       
275        972       
276        133       
276        508       
276        739       
276        915       
277        278       
278        9         
278        734       
279        312       
279        844       
279        1020      
280        155       
280        440       
280        599       
281        91        
281        146       
281        306       
281        404       
281        415       
281        992       
284        17        
284        203       
284        288       
285        112       
285        452       
286        464       
287        479       
287        544       
288        606       
289        275       
289        890       
292        473       
293        179       
293        210       
293        212       
294        77        
295        337       
296        899       
298        485       
298        696       
300        428       
301        464       
302        834       
303        310       
304        970       
305        690       
305        877       
307        351       
308        42        
308        311       
308        617       
308        739       
308        923       
309        450       
309        828       
309        976       
310        1002      
310        1014      
311        81        
311        245       
311        347       
311        844       
311        1008      
312        912       
313        7         
316        205       
316        852       
317        85        
318        626       
318        723       
320        97        
321        1007      
322        279       
322        301       
322        665       
324        459       
324        631       
325        51        
325        274       
325        297       
325        811       
326        85        
326        265       
326        368       
328        845       
328        997       
329        509       
330        150       
330        737       
331        7         
331        263       
332        265       
332        453       
333        71        
333        80        
333        110       
333        563       
334        185       
334        351       
334        408       
334        966       
335        148       
335        409       
335        524       
335        696       
336        120       
336        298       
336        561       
337        487       
337        611       
338        206       
340        593       
341        739       
342        219       
342        331       
342        480       
342        934       
342        992       
343        269       
344        786       
345        311       
346        353       
346        461       
347        145       
347        310       
347        970       
348        109       
348        267       
348        395       
348        643       
348        701       
348        1001      
349        642       
350        192       
350        205       
350        736       
351        123       
351        580       
351        587       
351        867       
352        170       
352        447       
353        348       
356        577       
356        750       
357        77        
357        166       
361        43        
362        137       
362        855       
364        114       
364        355       
364        395       
365        555       
365        953       
366        224       
366        772       
366        843       
367        340       
372        681       
372        946       
375        215       
375        428       
375        475       
375        542       
375        994       
376        395       
377        5         
377        233       
378        102       
379        168       
380        13        
380        75        
380        611       
380        756       
381        460       
381        796       
381        999       
382        92        
382        827       
383        27        
383        187       
383        252       
383        337       
383        761       
383        930       
384        283       
384        561       
384        594       
384        712       
385        188       
386        451       
386        768       
387        218       
387        919       
388        782       
389        83        
389        199       
389        387       
390        131       
390        217       
390        441       
391        640       
391        854       
393        254       
393        712       
393        743       
394        128       
394        509       
395        730       
395        1022      
396        132       
396        174       
396        437       
396        497       
397        341       
398        525       
398        849       
398        1009      
399        80        
399        227       
400        956       
401        604       
401        900       
402        354       
403        236       
404        64        
404        982       
405        337       
405        466       
406        91        
406        435       
406        567       
406        620       
406        917       
407        372       
407        468       
407        582       
407        659       
407        673       
407        840       
410        200       
412        376       
412        608       
412        661       
413        91        
413        202       
413        272       
414        52        
414        175       
414        221       
415        4         
415        371       
417        322       
418        480       
420        312       
420        337       
421        436       
422        410       
423        36        
423        383       
423        872       
424        510       
424        541       
425        595       
425        905       
426        519       
428        2         
428        99        
428        261       
428        490       
428        634       
428        829       
429        180       
430        251       
430        738       
431        98        
432        471       
435        297       
435        391       
439        138       
439        279       
439        787       
440        705       
441        23        
442        815       
444        259       
444        452       
446        17        
446        713       
447        871       
449        500       
450        847       
452        144       
452        328       
452        896       
453        674       
454        792       
455        374       
455        377       
455        924       
455        971       
456        463       
456        871       
457        982       
458        523       
458        851       
458        902       
460        10        
460        125       
460        347       
460        725       
460        865       
461        214       
461        272       
461        361       
461        658       
461        808       
461        972       
462        145       
462        585       
463        649       
463        935       
463        971       
463        981       
465        129       
466        166       
466        344       
466        499       
466        549       
466        986       
467        34        
467        919       
469        209       
469        399       
469        670       
469        991       
470        88        
470        313       
470        361       
472        394       
473        321       
473        469       
476        355       
477        180       
477        643       
478        279       
479        516       
479        693       
479        713       
479        997       
479        999       
482        718       
483        298       
484        211       
484        773       
485        514       
485        624       
486        681       
486        903       
488        181       
489        40        
489        822       
492        411       
493        1011      
494        111       
495        291       
495        797       
497        2         
500        451       
501        12        
501        352       
504        654       
504        802       
505        293       
505        462       
506        473       
506        960       
508        695       
509        595       
509        889       
509        897       
509        899       
510        55        
510        385       
510        995       
511        902       
512        144       
512        215       
512        630       
513        276       
513        845       
514        101       
514        138       
514        434       
514        496       
515        507       
515        970       
516        860       
516        938       
518        1         
518        804       
519        130       
519        328       
519        411       
519        792       
519        800       
520        431       
521        574       
521        648       
521        894       
522        65        
522        189       
522        258       
522        345       
522        681       
522        788       
522        984       
523        359       
523        503       
523        809       
524        255       
524        300       
524        325       
524        366       
524        393       
524        476       
524        948       
524        985       
525        110       
525        450       
525        640       
526        73        
526        609       
527        35        
527        84        
527        494       
527        896       
528        203       
528        300       
528        386       
529        57        
530        269       
530        325       
530        972       
531        908       
531        1010      
532        129       
532        142       
532        897       
533        416       
533        512       
533        513       
533        522       
533        974       
534        204       
534        490       
534        497       
534        512       
534        857       
534        922       
535        280       
535        506       
535        699       
535        749       
536        332       
536        835       
536        911       
537        393       
537        413       
537        578       
538        127       
538        345       
538        621       
539        367       
540        75        
540        151       
540        301       
540        753       
540        1012      
541        26        
541        257       
541        350       
541        470       
541        484       
541        900       
541        954       
542        611       
543        110       
543        118       
543        220       
543        456       
543        563       
543        564       
543        569       
543        864       
543        921       
545        75        
545        508       
546        4         
546        857       
547        368       
548        167       
548        783       
548        801       
549        517       
550        883       
552        386       
552        785       
553        24        
553        786       
554        185       
555        66        
555        77        
555        930       
556        71        
556        204       
556        240       
556        483       
556        686       
556        887       
556        911       
558        201       
558        291       
558        744       
561        37        
561        941       
561        956       
564        417       
565        463       
566        564       
566        660       
567        289       
567        387       
567        707       
567        776       
567        938       
568        77        
568        567       
568        636       
569        68        
569        536       
570        438       
570        683       
572        337       
572        502       
573        610       
574        681       
575        110       
575        294       
575        592       
575        608       
576        130       
576        261       
576        868       
578        43        
578        395       
578        408       
580        283       
580        361       
580        380       
581        98        
581        204       
581        802       
581        903       
582        115       
582        342       
582        591       
582        847       
582        881       
582        979       
584        434       
584        816       
584        900       
584        957       
585        335       
586        34        
586        152       
586        295       
586        373       
588        40        
588        324       
588        409       
588        427       
588        472       
588        833       
588        932       
589        8         
589        141       
589        406       
590        5         
590        83        
590        123       
590        211       
590        362       
590        757       
590        982       
591        121       
591        221       
591        262       
591        917       
592        364       
592        686       
592        719       
592        1016      
593        518       
593        772       
593        849       
594        581       
594        1017      
595        193       
596        346       
596        889       
597        704       
597        992       
598        1         
598        279       
598        549       
599        16        
599        440       
599        511       
600        675       
600        907       
600        918       
601        246       
601        577       
601        855       
601        994       
602        46        
602        311       
602        375       
602        430       
603        76        
604        90        
604        473       
604        772       
605        79        
605        476       
605        758       
605        879       
606        83        
606        262       
606        333       
606        427       
607        335       
607        646       
607        1023      
608        264       
608        554       
610        133       
610        206       
610        706       
612        328       
612        613       
613        253       
613        972       
614        235       
614        863       
615        278       
615        495       
615        520       
615        987       
617        66        
617        702       
618        772       
618        942       
618        1021      
619        359       
619        394       
619        470       
619        474       
619        1013      
620        707       
621        303       
621        312       
621        398       
621        403       
621        853       
623        66        
623        160       
623        162       
623        263       
623        386       
623        608       
623        902       
624        459       
624        948       
625        100       
625        1006      
626        323       
628        89        
628        401       
628        527       
629        644       
629        997       
630        360       
630        481       
631        86        
631        126       
632        159       
632        719       
633        101       
633        880       
634        519       
635        195       
637        315       
638        418       
638        785       
639        377       
639        839       
639        855       
639        949       
640        362       
640        455       
641        784       
642        259       
643        335       
643        420       
643        897       
644        684       
645        33        
645        867       
646        380       
646        456       
646        780       
647        314       
647        456       
648        24        
648        862       
649        310       
649        996       
650        47        
651        206       
651        808       
651        868       
651        928       
652        312       
652        474       
652        557       
652        721       
652        794       
653        499       
653        985       
654        431       
654        456       
654        900       
655        294       
655        373       
655        481       
655        496       
655        511       
656        3         
658        281       
659        474       
659        578       
660        276       
660        823       
660        928       
661        164       
661        727       
662        337       
662        377       
662        420       
662        843       
663        733       
664        634       
664        856       
664        1003      
665        601       
665        722       
665        1014      
666        345       
666        397       
666        804       
666        965       
667        813       
668        67        
668        808       
669        266       
669        326       
669        524       
669        930       
669        964       
670        414       
670        993       
671        324       
671        712       
673        418       
675        516       
677        177       
678        2         
678        195       
678        210       
679        487       
679        900       
679        1004      
680        216       
683        555       
684        414       
684        988       
685        219       
685        942       
686        448       
686        719       
687        104       
687        325       
687        482       
687        530       
687        744       
687        915       
687        968       
688        796       
688        919       
689        690       
691        259       
692        155       
692        296       
692        415       
692        993       
693        59        
694        192       
694        345       
694        723       
695        420       
697        65        
697        344       
697        412       
697        774       
698        548       
699        99        
699        261       
699        646       
700        315       
702        75        
702        230       
702        351       
702        922       
703        32        
704        90        
704        384       
705        170       
705        198       
705        737       
705        774       
706        81        
706        167       
707        388       
707        1016      
708        349       
708        395       
708        673       
708        848       
709        40        
709        65        
709        404       
710        211       
710        403       
711        217       
711        241       
711        784       
711        793       
711        969       
712        655       
712        743       
712        916       
713        402       
713        899       
714        627       
714        929       
715        466       
715        815       
716        637       
716        796       
716        845       
716        995       
717        74        
717        274       
717        362       
717        429       
717        484       
717        655       
717        870       
718        326       
718        327       
718        543       
718        896       
718        965       
719        369       
719        855       
719        943       
720        459       
721        362       
722        133       
722        617       
724        211       
724        862       
724        966       
725        80        
725        812       
725        1000      
726        195       
726        200       
726        403       
726        856       
727        386       
727        411       
728        331       
728        737       
728        815       
728        878       
729        38        
729        41        
729        206       
729        310       
729        692       
729        733       
729        799       
729        836       
730        29        
731        483       
731        909       
732        359       
732        433       
733        836       
733        962       
734        254       
734        955       
734        969       
735        134       
735        204       
735        901       
735        930       
736        816       
737        214       
737        361       
737        948       
738        768       
740        423       
740        433       
740        475       
741        68        
741        1014      
742        74        
743        236       
743        606       
744        231       
745        313       
745        852       
746        878       
747        564       
748        897       
749        430       
749        596       
750        810       
751        44        
751        322       
752        771       
752        901       
753        262       
754        557       
755        46        
755        262       
755        433       
756        184       
756        834       
756        997       
758        771       
760        736       
763        36        
763        970       
764        48        
764        511       
764        596       
764        933       
765        497       
766        232       
766        795       
767        485       
768        101       
768        905       
769        34        
770        443       
770        593       
771        27        
771        773       
772        761       
773        399       
773        533       
773        611       
773        614       
773        631       
773        721       
774        507       
774        541       
774        704       
774        712       
774        715       
774        894       
775        28        
775        311       
775        611       
776        282       
776        858       
776        915       
777        108       
777        414       
777        862       
778        8         
778        567       
778        841       
780        68        
780        225       
780        256       
780        338       
780        425       
780        505       
780        857       
780        864       
781        538       
781        541       
781        645       
781        853       
781        917       
781        986       
782        368       
782        448       
782        472       
782        617       
782        1014      
783        93        
783        413       
783        483       
783        654       
783        999       
785        806       
786        426       
786        625       
787        626       
787        723       
787        766       
788        462       
788        970       
789        18        
789        846       
789        850       
790        341       
790        350       
790        384       
790        520       
790        524       
790        558       
791        799       
792        333       
792        485       
792        757       
792        971       
793        361       
793        887       
794        431       
795        341       
795        535       
796        15        
796        75        
796        197       
796        412       
796        653       
797        137       
798        328       
798        339       
798        386       
798        1007      
799        73        
799        408       
799        876       
800        17        
800        64        
800        105       
801        865       
805        82        
805        971       
806        298       
806        582       
806        847       
807        98        
807        152       
807        463       
807        868       
807        1007      
809        21        
809        607       
809        823       
810        373       
810        531       
810        894       
810        1001      
811        3         
811        242       
811        340       
811        834       
812        246       
812        305       
813        360       
814        29        
814        454       
814        605       
814        645       
814        751       
815        417       
815        714       
816        943       
817        336       
817        801       
817        872       
818        231       
818        856       
819        444       
820        221       
820        383       
820        421       
820        831       
821        29        
823        256       
824        303       
824        596       
825        400       
825        801       
827        23        
828        51        
828        187       
828        1007      
829        299       
829        675       
830        19        
830        45        
830        232       
830        508       
830        686       
831        385       
831        432       
831        779       
832        140       
833        145       
833        313       
833        623       
834        25        
834        73        
834        202       
834        716       
835        111       
835        389       
835        780       
836        304       
836        361       
836        383       
836        445       
836        488       
836        539       
836        760       
836        941       
837        386       
837        520       
837        578       
837        974       
838        100       
838        280       
838        599       
838        640       
838        709       
838        802       
839        531       
840        753       
840        857       
841        1         
841        115       
841        278       
841        323       
841        354       
841        738       
841        746       
841        905       
842        646       
843        426       
843        601       
844        360       
844        415       
844        740       
845        358       
845        375       
845        480       
846        2         
846        85        
846        197       
846        387       
846        405       
846        745       
847        3         
847        706       
847        720       
848        193       
848        204       
848        272       
848        377       
848        429       
848        906       
849        22        
849        830       
850        973       
851        143       
851        370       
851        998       
852        561       
852        905       
852        947       
853        738       
853        911       
853        929       
854        560       
854        778       
854        938       
855        277       
855        283       
855        436       
855        874       
855        991       
856        210       
856        992       
857        255       
857        336       
858        946       
858        1017      
859        11        
859        520       
859        531       
859        646       
860        318       
860        962       
861        259       
861        400       
861        476       
861        539       
861        631       
861        664       
861        714       
862        88        
862        143       
862        177       
862        205       
862        296       
862        370       
862        396       
862        500       
862        750       
862        765       
862        1021      
863        260       
863        262       
863        436       
863        548       
863        839       
863        848       
863        950       
864        829       
865        138       
866        153       
866        295       
866        361       
866        612       
867        96        
868        50        
868        184       
868        809       
869        139       
870        801       
871        824       
872        304       
873        390       
874        734       
875        544       
875        580       
876        881       
877        314       
877        352       
877        850       
878        45        
878        175       
878        447       
878        588       
879        458       
879        597       
879        744       
880        156       
881        90        
883        67        
884        254       
884        429       
884        922       
886        236       
886        449       
886        815       
886        994       
888        470       
888        1003      
890        78        
891        404       
892        184       
892        278       
892        403       
892        861       
892        964       
893        126       
893        638       
894        105       
894        852       
895        32        
895        212       
895        384       
895        584       
895        853       
896        196       
896        775       
897        162       
897        564       
898        100       
898        395       
898        982       
899        903       
900        960       
901        442       
902        265       
902        273       
902        582       
903        320       
903        421       
903        812       
904        729       
905        894       
906        147       
906        221       
906        231       
906        751       
907        816       
908        38        
908        835       
909        332       
909        518       
909        747       
910        490       
910        696       
910        863       
910        1021      
911        203       
911        264       
911        538       
911        805       
912        815       
914        687       
915        143       
915        298       
915        517       
915        673       
916        267       
917        47        
917        88        
917        481       
917        846       
918        609       
918        940       
919        336       
919        610       
920        471       
920        743       
921        7         
921        517       
922        9         
922        476       
923        362       
923        734       
923        789       
924        82        
924        443       
925        42        
925        407       
925        506       
925        790       
926        326       
926        604       
926        783       
926        986       
927        72        
927        472       
927        746       
927        907       
928        617       
930        192       
931        509       
931        656       
932        296       
932        300       
932        385       
933        243       
933        425       
933        520       
933        641       
933        980       
934        66        
935        251       
937        986       
938        189       
938        907       
939        961       
940        67        
941        705       
942        445       
942        548       
942        581       
942        787       
943        171       
943        937       
944        344       
944        385       
944        960       
945        186       
948        177       
948        340       
949        236       
949        576       
950        103       
950        213       
950        276       
950        399       
950        926       
952        232       
952        390       
952        492       
952        640       
952        835       
953        235       
953        352       
953        917       
954        233       
955        42        
955        71        
955        877       
956        293       
957        210       
957        344       
957        762       
957        962       
958        674       
958        832       
959        33        
960        107       
960        940       
962        391       
962        522       
962        758       
962        957       
963        131       
963        401       
963        500       
964        224       
964        508       
965        115       
965        298       
965        984       
966        222       
966        287       
966        357       
966        396       
966        499       
966        776       
967        20        
967        495       
967        516       
967        674       
967        781       
968        160       
968        471       
968        541       
968        973       
969        508       
971        222       
971        650       
972        389       
972        605       
972        979       
973        2         
973        25        
973        280       
973        454       
973        528       
973        733       
974        65        
974        80        
974        215       
974        334       
974        549       
974        810       
975        64        
975        325       
975        558       
976        491       
976        661       
976        932       
977        800       
978        303       
979        18        
980        113       
980        187       
981        621       
982        256       
983        273       
983        352       
983        578       
983        912       
984        553       
984        630       
985        340       
985        504       
985        997       
986        532       
986        907       
987        936       
987        977       
988        739       
988        833       
988        974       
989        440       
989        642       
989        833       
990        135       
990        208       
991        127       
991        210       
991        853       
991        976       
992        259       
992        484       
993        784       
993        814       
994        265       
995        537       
996        249       
996        427       
996        964       
997        52        
997        161       
997        325       
997        856       
998        329       
999        445       
999        465       
999        741       
1000       153       
1000       412       
1001       952       
1002       298       
1002       333       
1003       268       
1003       1021      
1004       0         
1004       965       
1005       160       
1005       498       
1006       902       
1007       104       
1007       493       
1007       720       
1008       698       
1008       927       
1009       297       
1011       708       
1011       711       
1012       686       
1012       727       
1013       785       
1014       541       
1014       618       
1014       724       
1015       128       
1015       225       
1016       37        
1016       199       
1017       70        
1017       522       
1017       748       
1018       615       
1019       414       
1020       17        
1020       945       
1021       243       
1021       282       
1021       749       
1021       960       
1022       436       
1023       420       
1023       422       
1023       436       
1023       609       
