0          473       
0          498       
0          876       
1          89        
1          623       
1          709       
2          76        
3          85        
3          168       
3          178       
3          545       
3          943       
4          105       
4          587       
4          669       
4          963       
5          441       
5          1009      
6          55        
6          459       
6          563       
6          568       
6          618       
6          676       
6          735       
6          986       
7          81        
7          241       
8          135       
8          215       
8          702       
9          58        
9          156       
9          608       
9          656       
9          723       
9          854       
9          957       
10         687       
10         721       
10         740       
11         916       
12         488       
13         332       
13         548       
13         561       
13         656       
14         353       
14         579       
14         619       
14         704       
14         719       
14         746       
14         754       
15         760       
15         843       
16         39        
16         504       
16         711       
17         542       
17         655       
18         12        
18         196       
18         475       
18         550       
19         204       
19         591       
20         56        
20         152       
20         165       
20         600       
20         641       
20         843       
21         207       
21         680       
21         979       
22         66        
22         236       
22         371       
22         632       
22         767       
22         880       
23         623       
23         632       
23         961       
24         201       
24         975       
25         168       
25         457       
25         593       
25         762       
25         987       
26         323       
26         708       
27         322       
28         243       
28         413       
28         573       
28         597       
28         605       
28         635       
28         676       
28         681       
28         699       
28         739       
28         907       
28         934       
29         227       
29         708       
29         745       
29         769       
30         613       
30         658       
30         664       
30         697       
30         762       
31         448       
31         629       
31         981       
32         53        
32         571       
32         757       
32         1012      
33         118       
33         345       
33         741       
33         889       
33         1015      
34         763       
34         956       
35         608       
36         631       
36         729       
37         9         
37         170       
37         585       
37         681       
37         744       
37         846       
38         206       
38         238       
38         555       
38         648       
39         59        
39         953       
40         591       
41         540       
41         641       
41         741       
41         767       
42         219       
43         227       
43         383       
43         503       
44         457       
44         480       
44         757       
44         991       
45         375       
45         613       
45         753       
45         763       
46         242       
46         534       
46         675       
46         714       
46         747       
46         764       
47         43        
47         249       
47         588       
47         628       
47         633       
47         635       
47         638       
47         739       
47         759       
47         803       
48         160       
48         251       
48         507       
49         687       
49         709       
49         747       
50         382       
50         621       
50         742       
50         861       
50         921       
50         973       
51         164       
51         347       
51         573       
51         617       
51         711       
51         747       
51         763       
51         853       
52         490       
52         762       
52         873       
52         911       
53         517       
53         625       
53         661       
53         929       
54         377       
54         445       
55         73        
55         222       
55         617       
55         639       
55         1002      
56         561       
56         1005      
57         381       
57         645       
57         709       
57         1023      
58         49        
58         378       
58         615       
58         869       
59         657       
59         729       
60         602       
60         757       
60         1017      
61         38        
61         144       
61         621       
61         636       
61         737       
61         751       
61         858       
61         956       
62         27        
62         245       
62         455       
62         729       
62         746       
62         759       
63         51        
63         91        
63         576       
63         730       
63         755       
63         1009      
64         24        
64         315       
64         620       
64         832       
64         917       
65         573       
65         591       
65         743       
65         990       
66         843       
67         679       
68         176       
68         201       
68         573       
68         618       
68         623       
68         665       
68         666       
68         688       
68         712       
68         977       
69         29        
69         148       
69         651       
69         667       
69         908       
69         987       
70         10        
70         154       
70         291       
70         543       
70         632       
70         673       
70         729       
70         735       
71         635       
71         722       
71         1017      
72         132       
72         644       
72         692       
72         839       
73         76        
73         652       
73         767       
73         778       
74         190       
74         219       
74         687       
74         715       
74         755       
75         507       
75         526       
75         646       
75         661       
75         746       
75         826       
75         979       
76         630       
76         699       
77         401       
77         465       
77         911       
78         25        
78         490       
78         528       
78         563       
78         697       
78         924       
79         209       
79         653       
79         663       
80         207       
80         681       
80         907       
81         405       
81         665       
82         18        
82         541       
82         570       
82         597       
82         665       
82         680       
82         908       
83         646       
83         694       
84         189       
84         421       
84         602       
84         896       
85         95        
85         197       
85         210       
85         431       
85         669       
85         705       
85         715       
85         719       
86         52        
86         240       
86         651       
86         673       
86         795       
86         901       
87         151       
87         531       
87         647       
87         762       
88         249       
88         893       
88         1009      
89         192       
89         506       
89         580       
89         605       
89         769       
90         2         
90         239       
90         399       
90         559       
90         685       
90         783       
91         149       
91         271       
91         425       
91         551       
91         704       
91         957       
92         40        
92         176       
92         307       
92         464       
92         571       
92         592       
92         659       
92         675       
92         730       
92         825       
92         827       
93         192       
93         268       
93         297       
93         525       
93         527       
93         643       
93         669       
93         751       
93         797       
93         842       
93         907       
94         80        
94         98        
94         123       
94         543       
94         647       
94         726       
94         922       
95         8         
95         203       
95         213       
95         369       
95         523       
95         714       
95         772       
95         804       
95         974       
96         79        
96         234       
96         569       
96         744       
96         763       
97         747       
97         825       
97         877       
97         1011      
98         171       
98         546       
98         567       
98         683       
98         752       
98         923       
99         119       
99         405       
99         583       
99         959       
100        201       
100        223       
100        657       
100        678       
100        695       
101        240       
101        441       
101        603       
101        749       
101        763       
101        830       
101        887       
102        430       
102        678       
102        939       
103        514       
103        562       
103        640       
103        675       
104        636       
104        675       
104        681       
104        757       
104        952       
105        212       
105        547       
105        561       
105        608       
105        1022      
106        13        
106        183       
106        643       
106        755       
106        766       
107        32        
107        749       
108        53        
108        265       
108        543       
108        804       
108        818       
108        926       
108        928       
109        162       
109        194       
109        396       
109        433       
109        692       
110        74        
110        186       
110        237       
110        643       
110        679       
110        894       
110        915       
111        219       
111        639       
111        779       
111        991       
112        157       
112        559       
112        653       
112        945       
113        204       
113        495       
113        759       
113        803       
114        318       
114        615       
114        684       
114        701       
114        891       
115        41        
115        871       
115        882       
115        959       
116        23        
116        60        
116        139       
117        377       
117        416       
117        520       
117        554       
117        673       
117        699       
117        745       
118        186       
118        568       
118        633       
118        691       
118        792       
119        203       
119        428       
119        568       
119        747       
119        807       
119        827       
119        946       
120        253       
120        439       
120        521       
120        553       
120        575       
120        693       
120        694       
120        905       
121        61        
121        166       
121        197       
121        252       
121        547       
121        608       
121        674       
121        684       
121        941       
121        1003      
122        235       
122        641       
122        929       
123        182       
123        483       
123        650       
123        655       
124        13        
124        491       
124        497       
124        558       
124        687       
124        697       
124        945       
125        24        
125        129       
125        513       
125        597       
125        654       
125        673       
125        689       
125        737       
125        760       
126        113       
126        179       
126        437       
126        537       
126        563       
126        657       
126        691       
126        712       
126        759       
126        798       
126        952       
126        957       
127        32        
127        191       
127        416       
127        511       
127        571       
127        615       
127        683       
127        739       
127        767       
127        819       
127        826       
127        1008      
128        539       
128        568       
128        1021      
129        526       
129        846       
130        591       
130        602       
131        591       
132        752       
132        976       
133        744       
134        851       
134        954       
135        819       
135        890       
136        101       
137        308       
137        661       
137        740       
138        2         
138        157       
138        275       
139        707       
139        720       
140        107       
140        681       
140        692       
140        731       
141        19        
141        239       
141        523       
141        791       
142        187       
142        571       
142        604       
142        691       
142        799       
143        596       
143        675       
144        605       
145        527       
145        764       
147        363       
147        558       
148        15        
148        84        
148        413       
148        589       
148        627       
148        795       
148        937       
149        409       
149        573       
149        689       
149        713       
150        581       
150        669       
150        691       
151        569       
151        715       
151        855       
152        229       
152        284       
152        499       
153        746       
155        532       
155        598       
156        221       
156        553       
156        667       
156        841       
157        132       
157        195       
157        460       
157        593       
157        697       
157        819       
157        837       
157        846       
158        537       
158        634       
158        637       
158        655       
158        723       
158        739       
159        497       
159        527       
159        714       
159        935       
159        971       
161        242       
163        124       
163        629       
163        726       
163        1006      
164        761       
164        809       
164        927       
165        762       
166        887       
167        707       
167        723       
168        665       
168        765       
168        771       
169        360       
169        549       
170        219       
170        619       
170        756       
170        840       
171        45        
171        619       
172        21        
172        452       
172        565       
172        601       
173        595       
173        603       
173        725       
173        839       
174        626       
176        101       
176        599       
176        709       
176        804       
177        28        
177        301       
177        379       
177        552       
177        820       
178        30        
178        299       
178        593       
178        610       
179        343       
179        365       
179        635       
179        765       
180        349       
180        557       
180        726       
180        735       
181        111       
181        616       
181        626       
182        227       
183        146       
183        875       
183        893       
184        195       
184        594       
184        683       
184        739       
184        925       
185        62        
185        212       
185        522       
185        609       
185        701       
185        766       
185        883       
186        50        
186        173       
186        611       
186        625       
188        42        
188        187       
188        740       
189        33        
189        129       
189        689       
190        53        
190        98        
190        122       
190        705       
190        755       
190        761       
190        890       
191        43        
191        112       
191        222       
191        251       
191        634       
191        659       
191        793       
191        819       
192        543       
192        740       
193        985       
194        344       
194        519       
194        591       
195        106       
195        151       
195        314       
195        644       
196        565       
196        719       
196        879       
197        649       
197        987       
198        94        
198        425       
198        489       
198        683       
198        975       
199        16        
199        285       
199        542       
199        571       
199        825       
200        229       
200        243       
200        559       
200        595       
200        657       
200        823       
201        181       
201        347       
201        561       
202        172       
202        529       
203        351       
203        521       
203        560       
203        606       
203        959       
203        1018      
204        89        
204        531       
204        556       
204        561       
204        689       
204        783       
204        792       
204        817       
205        32        
205        109       
205        281       
205        521       
205        526       
205        540       
205        581       
205        609       
205        1018      
206        81        
206        110       
206        567       
206        696       
206        699       
206        731       
206        855       
207        136       
207        139       
207        668       
207        867       
207        916       
207        975       
208        47        
208        556       
208        729       
208        819       
209        652       
209        859       
209        925       
210        513       
210        827       
211        33        
211        235       
211        634       
211        771       
212        24        
212        138       
212        667       
212        700       
212        863       
213        554       
213        559       
213        776       
214        51        
214        122       
214        655       
214        795       
214        815       
214        896       
214        897       
215        135       
215        287       
215        582       
215        843       
215        891       
216        118       
216        537       
216        660       
216        685       
216        775       
216        959       
218        529       
218        536       
218        567       
218        630       
218        905       
219        457       
219        514       
219        595       
219        875       
219        971       
220        107       
220        313       
220        605       
220        685       
220        737       
220        781       
221        581       
222        0         
222        561       
222        696       
222        926       
223        16        
223        17        
223        53        
223        431       
223        619       
223        647       
224        303       
224        543       
224        553       
224        639       
224        701       
224        803       
225        55        
225        800       
226        27        
226        601       
227        247       
227        541       
227        669       
227        703       
228        169       
228        250       
228        319       
228        1002      
229        57        
229        420       
229        552       
229        564       
230        131       
230        305       
230        571       
230        591       
230        1019      
231        185       
231        702       
231        971       
232        47        
232        701       
233        116       
233        629       
233        949       
234        189       
234        582       
234        703       
234        887       
235        231       
235        284       
236        56        
236        145       
236        569       
236        583       
236        635       
236        826       
237        17        
237        542       
237        569       
238        27        
238        50        
238        51        
238        234       
238        623       
238        683       
238        729       
238        761       
238        778       
238        817       
239        681       
239        697       
239        827       
239        874       
239        891       
239        931       
239        1015      
240        70        
240        573       
240        672       
241        112       
241        541       
241        686       
241        813       
242        687       
243        234       
243        587       
243        647       
243        814       
243        885       
244        25        
244        42        
244        53        
244        56        
244        137       
244        235       
244        555       
244        747       
244        803       
244        861       
245        360       
245        523       
245        619       
245        826       
245        892       
246        314       
246        522       
246        548       
246        569       
246        698       
246        762       
247        35        
247        807       
247        812       
247        889       
247        905       
248        35        
248        121       
248        133       
248        166       
248        246       
248        290       
248        621       
249        222       
249        548       
249        680       
250        540       
250        739       
250        988       
251        63        
251        103       
251        171       
251        632       
251        693       
252        190       
252        253       
252        597       
252        600       
252        687       
252        758       
252        761       
252        896       
253        36        
253        62        
253        122       
254        539       
254        559       
254        573       
254        867       
255        20        
255        263       
255        515       
255        957       
256        419       
256        666       
256        877       
256        973       
257        214       
257        275       
257        366       
257        386       
257        647       
257        945       
258        335       
259        425       
259        508       
259        597       
259        973       
260        393       
260        690       
260        793       
261        239       
261        242       
261        243       
261        635       
262        167       
263        126       
263        779       
263        857       
264        965       
265        395       
266        313       
267        403       
267        818       
267        953       
268        468       
268        713       
269        181       
269        201       
269        223       
269        500       
269        662       
269        918       
270        963       
271        34        
271        99        
271        199       
271        279       
271        381       
271        657       
271        706       
271        743       
271        748       
272        687       
272        731       
272        997       
273        751       
274        414       
274        755       
274        1013      
275        215       
275        381       
275        521       
275        622       
275        669       
275        677       
275        717       
275        750       
276        88        
276        249       
276        723       
276        760       
276        843       
277        733       
277        879       
277        1022      
278        235       
278        481       
278        541       
278        767       
279        105       
279        251       
279        273       
279        687       
279        728       
280        543       
280        590       
280        733       
281        669       
282        231       
282        591       
283        512       
283        629       
283        743       
284        137       
284        265       
284        552       
284        586       
284        941       
284        947       
285        265       
285        750       
285        939       
285        971       
285        994       
286        478       
286        585       
286        910       
287        32        
287        85        
287        527       
287        598       
287        971       
287        984       
288        689       
288        1002      
289        743       
289        959       
290        691       
290        705       
290        906       
290        959       
291        316       
291        352       
291        466       
291        971       
291        997       
292        26        
292        45        
292        508       
292        751       
292        763       
292        881       
293        10        
293        245       
293        441       
293        616       
293        940       
294        9         
294        547       
294        819       
294        960       
295        121       
295        425       
296        56        
296        469       
296        632       
296        889       
297        180       
297        748       
297        931       
297        1021      
298        827       
299        463       
299        694       
299        725       
300        418       
300        697       
300        883       
300        895       
301        274       
301        749       
301        908       
302        223       
302        1007      
303        778       
303        817       
304        101       
304        1003      
306        57        
306        216       
306        253       
306        424       
307        208       
307        1003      
308        282       
308        987       
309        431       
309        627       
310        619       
310        843       
311        147       
311        531       
311        583       
311        947       
312        577       
312        895       
313        53        
313        609       
313        621       
313        893       
313        1019      
314        163       
314        198       
314        762       
314        1015      
315        235       
315        429       
315        447       
315        608       
316        185       
317        178       
317        232       
317        272       
317        717       
317        739       
317        763       
317        804       
318        217       
318        685       
318        703       
318        744       
319        197       
319        507       
319        557       
319        569       
319        859       
319        873       
320        435       
320        785       
321        639       
322        151       
322        218       
322        879       
323        333       
323        363       
323        1021      
324        187       
324        580       
324        659       
324        681       
325        161       
325        527       
325        800       
325        915       
326        397       
326        549       
326        1018      
327        354       
327        815       
328        29        
328        43        
328        639       
329        63        
329        669       
329        799       
329        828       
329        985       
330        133       
330        417       
331        670       
331        750       
332        160       
332        657       
332        779       
332        919       
332        985       
333        131       
333        146       
333        164       
333        239       
333        255       
333        691       
333        978       
334        219       
334        283       
334        295       
334        682       
334        775       
334        781       
334        811       
335        330       
335        483       
335        642       
335        649       
335        831       
335        907       
336        654       
336        1003      
338        523       
338        778       
338        942       
339        527       
339        911       
339        994       
340        31        
340        302       
340        449       
340        605       
340        897       
340        920       
341        617       
341        670       
341        672       
341        944       
341        986       
342        138       
343        569       
343        732       
344        143       
344        375       
344        695       
344        733       
345        130       
345        752       
345        882       
345        957       
346        206       
346        521       
346        931       
346        932       
346        978       
347        61        
347        175       
347        315       
347        526       
347        562       
347        786       
347        841       
347        919       
347        931       
347        967       
348        96        
348        579       
348        683       
348        756       
348        802       
348        982       
349        396       
349        657       
349        664       
349        714       
349        855       
350        143       
350        402       
350        461       
350        515       
350        698       
350        760       
350        819       
350        833       
351        204       
351        536       
351        537       
351        604       
351        683       
351        738       
351        851       
351        1002      
352        119       
352        508       
352        859       
352        948       
353        126       
353        303       
353        838       
353        957       
354        802       
355        42        
355        683       
356        302       
356        878       
356        896       
356        929       
356        945       
357        557       
357        648       
357        718       
357        891       
357        893       
357        1006      
357        1023      
358        443       
358        489       
358        939       
359        161       
359        392       
359        418       
359        610       
359        779       
359        795       
359        923       
359        979       
360        639       
360        647       
360        692       
360        829       
360        864       
360        900       
361        160       
361        439       
361        493       
361        572       
361        703       
362        648       
362        1006      
363        171       
363        928       
363        939       
364        262       
364        513       
364        575       
364        696       
364        704       
364        763       
364        827       
364        918       
364        1018      
365        509       
365        920       
365        938       
366        347       
366        673       
366        699       
367        23        
367        501       
367        517       
367        762       
367        792       
368        191       
368        813       
369        110       
369        186       
369        655       
369        725       
369        799       
370        174       
370        369       
370        871       
370        1016      
371        75        
371        431       
371        462       
371        608       
371        681       
371        684       
372        441       
372        443       
372        1015      
373        245       
374        122       
374        154       
374        187       
374        698       
374        778       
374        857       
374        921       
375        603       
375        751       
375        775       
375        935       
376        63        
376        437       
376        442       
376        533       
376        679       
376        690       
376        923       
377        50        
377        190       
377        225       
377        569       
377        680       
377        933       
378        379       
379        95        
379        227       
379        247       
379        741       
379        781       
379        807       
379        813       
380        121       
380        129       
380        572       
380        665       
380        686       
381        50        
381        302       
381        305       
381        373       
381        423       
381        431       
381        505       
381        555       
381        673       
381        949       
382        9         
382        348       
382        515       
382        799       
382        884       
382        889       
383        675       
383        679       
383        831       
383        995       
384        514       
384        621       
384        861       
385        854       
386        521       
386        846       
387        378       
388        224       
388        321       
388        604       
388        884       
388        889       
388        952       
389        349       
389        635       
389        716       
390        589       
390        731       
391        530       
391        541       
391        607       
391        895       
392        102       
392        139       
392        214       
392        645       
392        979       
393        237       
393        407       
393        980       
394        54        
394        559       
394        633       
394        730       
396        695       
396        742       
396        961       
397        94        
397        729       
398        43        
398        775       
398        830       
398        1003      
399        123       
399        624       
399        767       
399        811       
399        855       
399        1014      
400        749       
400        760       
400        797       
401        119       
401        907       
402        584       
402        665       
402        756       
405        367       
405        761       
405        778       
405        937       
407        239       
408        459       
408        897       
409        122       
409        137       
409        238       
409        738       
409        834       
409        899       
410        225       
410        519       
410        637       
410        639       
411        389       
411        554       
411        723       
411        862       
411        863       
411        873       
412        83        
412        643       
412        728       
412        748       
412        863       
413        76        
413        614       
413        867       
413        909       
414        223       
414        243       
414        320       
415        891       
416        125       
416        825       
416        986       
416        1007      
417        97        
417        632       
418        159       
418        760       
418        982       
419        701       
419        802       
419        934       
420        486       
420        761       
420        777       
420        847       
420        1007      
421        513       
421        755       
422        319       
422        614       
423        110       
423        354       
423        365       
424        3         
424        615       
424        621       
424        767       
425        317       
426        311       
426        821       
426        941       
426        955       
427        571       
427        753       
427        809       
428        52        
428        230       
428        875       
428        997       
429        127       
429        200       
429        209       
429        370       
429        755       
429        944       
430        638       
431        122       
431        350       
431        523       
431        594       
431        687       
431        930       
432        1015      
433        135       
433        367       
433        636       
433        751       
433        1005      
434        847       
435        117       
435        809       
436        5         
436        749       
436        857       
437        225       
437        819       
437        866       
438        237       
438        515       
438        583       
438        617       
438        910       
439        870       
440        500       
440        639       
441        533       
441        573       
442        703       
442        707       
442        767       
442        840       
443        32        
443        326       
443        623       
444        712       
445        423       
445        613       
445        633       
445        882       
446        701       
446        705       
446        755       
446        930       
447        545       
447        628       
447        702       
447        752       
448        37        
448        295       
448        445       
448        446       
448        555       
449        539       
451        210       
451        408       
451        519       
451        561       
452        219       
452        361       
452        775       
453        554       
453        695       
454        518       
454        529       
454        651       
454        663       
456        807       
457        173       
457        639       
457        669       
457        792       
457        924       
458        407       
458        471       
458        665       
458        769       
459        479       
460        33        
460        129       
460        285       
460        361       
460        842       
461        290       
461        684       
461        771       
461        917       
462        351       
462        435       
463        691       
463        786       
464        358       
464        393       
464        542       
464        590       
464        871       
465        94        
465        657       
465        684       
466        59        
466        143       
466        556       
466        671       
466        750       
466        951       
466        1023      
467        498       
468        63        
468        105       
468        533       
468        651       
468        1000      
469        488       
469        505       
469        569       
469        767       
469        827       
469        918       
470        283       
470        377       
470        505       
470        779       
470        892       
470        921       
470        922       
471        194       
471        668       
471        746       
471        905       
472        3         
472        313       
472        461       
472        695       
472        1023      
473        312       
473        527       
473        686       
473        689       
473        913       
474        701       
474        922       
475        79        
475        641       
475        966       
476        144       
476        197       
476        294       
476        537       
476        663       
477        392       
477        687       
477        792       
477        818       
477        891       
477        1013      
478        5         
478        67        
478        402       
478        539       
478        557       
478        869       
479        15        
479        122       
479        159       
479        521       
479        527       
479        691       
479        786       
480        61        
480        692       
480        795       
480        851       
480        925       
481        409       
481        532       
481        632       
481        1006      
483        309       
483        604       
483        767       
483        795       
484        101       
484        189       
484        547       
486        570       
486        650       
486        863       
487        229       
487        343       
487        447       
488        564       
488        814       
489        319       
489        940       
489        1003      
490        695       
490        883       
491        309       
491        557       
492        528       
492        801       
492        923       
493        188       
493        375       
493        640       
493        681       
493        931       
494        28        
494        371       
494        561       
494        634       
494        703       
494        758       
496        115       
496        686       
497        61        
497        69        
497        440       
497        1016      
498        174       
498        180       
498        815       
498        987       
499        443       
499        575       
499        743       
499        829       
499        851       
500        338       
500        382       
500        698       
501        283       
501        571       
501        685       
501        843       
501        856       
502        619       
502        809       
502        891       
502        1014      
503        121       
503        557       
503        808       
503        827       
504        42        
504        183       
504        299       
504        819       
504        909       
504        932       
504        1023      
505        603       
505        711       
505        803       
506        23        
506        310       
506        563       
506        601       
506        615       
506        763       
506        805       
507        909       
507        995       
508        167       
508        259       
508        263       
508        401       
508        435       
508        548       
508        649       
508        909       
509        191       
509        517       
509        699       
509        757       
509        770       
509        831       
509        917       
509        929       
509        1007      
510        50        
510        175       
510        545       
510        561       
510        673       
510        707       
510        817       
510        886       
511        562       
511        883       
512        629       
512        723       
513        115       
513        909       
514        206       
514        226       
514        735       
516        127       
516        232       
516        249       
516        537       
516        963       
517        28        
517        175       
517        981       
518        479       
519        592       
519        877       
520        85        
520        221       
520        367       
520        784       
520        989       
521        60        
521        104       
521        107       
521        196       
521        497       
522        415       
522        607       
522        678       
522        855       
523        183       
523        212       
523        243       
523        605       
523        735       
523        857       
524        169       
525        203       
525        741       
526        244       
526        337       
526        371       
526        427       
526        758       
526        961       
527        139       
527        207       
528        75        
528        665       
528        717       
528        851       
529        157       
529        207       
530        201       
530        559       
530        597       
530        748       
531        196       
531        225       
531        248       
531        646       
532        127       
532        236       
532        715       
533        47        
533        96        
533        204       
533        393       
533        746       
534        193       
534        211       
534        235       
535        75        
535        148       
535        344       
535        704       
535        740       
535        971       
536        100       
536        101       
536        137       
536        145       
536        211       
536        229       
536        917       
537        127       
537        238       
537        343       
537        526       
537        687       
537        713       
539        24        
540        93        
540        188       
540        210       
540        523       
540        572       
540        611       
540        729       
540        765       
540        827       
540        900       
541        208       
541        217       
541        240       
541        653       
541        731       
541        747       
541        937       
542        115       
542        746       
542        984       
543        65        
543        90        
543        205       
543        212       
544        653       
545        573       
546        447       
547        603       
547        969       
548        237       
548        307       
548        555       
548        683       
548        767       
549        201       
549        594       
550        91        
550        140       
550        504       
550        745       
552        43        
552        129       
552        309       
552        560       
552        691       
553        729       
553        945       
553        1015      
554        63        
555        162       
555        387       
555        537       
555        743       
555        914       
556        387       
556        563       
557        80        
557        617       
558        306       
558        579       
558        639       
559        145       
559        486       
559        511       
559        532       
559        751       
560        188       
561        19        
561        244       
561        246       
562        56        
562        666       
562        758       
562        891       
563        700       
563        756       
564        9         
564        33        
564        223       
566        201       
566        690       
566        748       
566        755       
567        120       
567        406       
567        571       
567        626       
568        547       
568        764       
568        813       
569        152       
569        656       
569        807       
569        853       
570        226       
570        731       
570        967       
571        78        
571        319       
571        745       
572        41        
572        229       
572        236       
572        675       
573        174       
573        242       
573        244       
573        629       
573        698       
574        47        
574        115       
574        554       
574        587       
574        696       
575        75        
575        403       
575        745       
575        831       
576        637       
576        655       
576        845       
576        919       
577        159       
577        974       
578        399       
578        543       
578        603       
578        667       
578        787       
579        61        
579        477       
579        510       
580        59        
580        159       
580        691       
581        426       
581        650       
582        237       
582        702       
582        908       
582        1003      
583        29        
583        153       
583        186       
583        907       
584        151       
584        721       
585        33        
585        253       
585        517       
585        646       
585        651       
585        708       
586        159       
586        372       
586        447       
586        467       
586        620       
587        392       
587        515       
587        646       
587        671       
588        32        
588        145       
588        251       
588        508       
588        586       
588        681       
589        123       
589        129       
589        226       
589        671       
590        1         
590        603       
590        682       
590        752       
590        933       
591        47        
591        150       
591        547       
591        682       
592        408       
592        461       
592        696       
592        801       
592        915       
593        191       
593        300       
593        439       
593        587       
594        681       
595        140       
595        942       
596        44        
596        209       
596        235       
596        409       
596        459       
596        653       
596        699       
596        713       
596        791       
597        543       
597        580       
598        399       
598        655       
598        758       
598        963       
599        9         
599        19        
599        451       
599        674       
599        739       
599        766       
599        812       
600        37        
600        102       
600        198       
600        651       
600        701       
600        916       
601        63        
602        435       
602        494       
602        526       
602        575       
603        23        
603        575       
603        671       
603        702       
603        823       
604        62        
604        264       
604        348       
604        593       
604        653       
604        695       
604        726       
604        783       
604        908       
605        1         
605        158       
605        183       
605        195       
605        615       
605        905       
605        918       
606        159       
606        665       
607        23        
607        410       
607        662       
607        835       
608        317       
608        545       
608        615       
609        39        
609        541       
609        1002      
610        234       
610        417       
610        571       
611        168       
611        511       
611        663       
612        1         
612        272       
612        509       
612        827       
613        41        
613        129       
613        305       
613        439       
613        661       
613        699       
613        953       
614        59        
614        152       
614        304       
614        655       
614        790       
615        286       
615        539       
615        677       
615        888       
616        30        
616        46        
616        59        
616        423       
616        439       
616        697       
617        47        
617        658       
617        677       
617        980       
618        165       
618        175       
618        307       
618        426       
618        500       
618        639       
619        186       
619        196       
619        251       
619        443       
619        523       
619        688       
620        174       
620        489       
620        497       
620        666       
621        677       
621        698       
622        151       
622        153       
622        178       
622        281       
622        313       
622        686       
622        700       
623        179       
623        241       
623        280       
623        289       
623        433       
623        629       
623        649       
623        670       
624        542       
624        758       
625        15        
625        92        
625        958       
626        561       
626        679       
626        812       
627        32        
627        175       
627        662       
628        558       
628        699       
628        702       
628        760       
629        44        
629        159       
629        312       
629        349       
629        547       
629        573       
629        645       
630        41        
630        402       
630        437       
630        511       
630        555       
630        692       
630        697       
630        792       
630        798       
631        97        
631        574       
631        946       
631        959       
632        95        
632        97        
632        225       
632        301       
632        691       
633        100       
633        673       
633        805       
633        814       
633        985       
634        172       
634        183       
634        550       
634        561       
634        700       
635        165       
635        526       
635        597       
635        685       
635        724       
635        768       
635        831       
635        995       
636        58        
636        118       
636        360       
636        429       
636        444       
636        486       
636        496       
636        500       
636        567       
636        570       
636        747       
636        753       
636        816       
637        63        
637        155       
637        181       
637        610       
637        671       
637        953       
638        137       
638        183       
638        555       
638        620       
638        709       
638        775       
638        891       
639        147       
639        163       
639        167       
639        506       
639        507       
639        674       
640        95        
640        177       
640        576       
640        601       
641        317       
641        1015      
642        861       
643        63        
643        125       
643        218       
644        17        
644        41        
644        195       
644        319       
644        335       
644        698       
646        222       
647        226       
647        287       
647        331       
648        98        
648        837       
649        96        
649        100       
649        753       
650        37        
650        295       
650        345       
650        347       
651        15        
651        50        
651        587       
652        25        
652        233       
652        392       
652        593       
652        640       
653        338       
653        383       
653        517       
654        110       
654        236       
654        270       
655        14        
655        61        
655        133       
655        411       
655        586       
655        623       
655        639       
656        95        
656        211       
656        669       
656        799       
657        328       
657        762       
658        161       
658        529       
659        488       
660        49        
660        57        
660        88        
660        104       
660        216       
660        621       
660        715       
660        763       
661        25        
661        249       
661        280       
661        638       
661        745       
661        845       
661        866       
661        959       
662        465       
663        66        
663        522       
663        650       
663        777       
663        860       
664        11        
664        46        
664        239       
664        269       
664        312       
664        593       
664        707       
665        95        
665        96        
665        516       
665        537       
665        584       
666        293       
666        453       
666        621       
667        221       
667        263       
667        653       
667        709       
668        126       
668        945       
668        987       
669        88        
669        489       
669        499       
669        543       
669        613       
669        665       
669        675       
669        771       
670        123       
670        195       
670        440       
670        490       
670        523       
671        154       
671        670       
671        676       
672        120       
672        533       
673        162       
674        111       
674        619       
674        819       
676        473       
677        521       
677        619       
677        639       
677        707       
677        912       
678        54        
678        347       
678        521       
678        527       
678        655       
678        745       
678        938       
678        999       
679        13        
679        79        
679        101       
679        619       
679        695       
680        103       
680        583       
680        747       
681        51        
681        169       
681        660       
681        741       
681        855       
681        951       
682        653       
683        63        
683        375       
683        635       
684        127       
684        152       
684        523       
684        569       
684        572       
684        1009      
685        32        
685        125       
685        602       
685        699       
685        819       
686        161       
686        210       
686        243       
687        216       
687        371       
687        543       
687        627       
687        650       
688        447       
688        551       
688        748       
689        108       
689        178       
689        561       
689        749       
689        866       
690        104       
690        209       
690        573       
690        752       
692        40        
692        612       
692        740       
692        826       
692        939       
692        1015      
692        1018      
693        35        
693        1009      
694        42        
694        98        
694        185       
694        623       
694        744       
695        109       
695        117       
696        196       
696        240       
696        589       
697        125       
697        704       
699        578       
699        766       
699        855       
700        135       
700        211       
700        549       
700        553       
700        882       
700        889       
700        966       
701        377       
701        631       
701        870       
701        891       
702        83        
702        362       
702        586       
702        623       
702        739       
702        819       
703        105       
703        360       
703        435       
703        636       
703        720       
703        739       
703        875       
704        14        
704        60        
704        429       
704        810       
704        911       
705        15        
705        133       
705        394       
706        223       
706        283       
706        590       
706        665       
708        47        
708        542       
708        560       
708        793       
708        885       
709        29        
709        233       
709        561       
709        865       
709        984       
710        15        
710        148       
710        551       
710        602       
710        794       
710        811       
710        915       
711        115       
711        520       
711        578       
711        609       
711        644       
711        699       
712        5         
712        156       
712        184       
712        669       
712        705       
712        893       
714        475       
714        512       
714        699       
714        775       
714        831       
714        845       
715        0         
715        519       
716        63        
716        121       
716        131       
716        259       
716        269       
716        588       
716        609       
716        697       
716        835       
716        953       
717        412       
717        422       
717        623       
717        657       
718        263       
718        591       
718        673       
718        761       
718        831       
719        69        
719        75        
719        170       
719        409       
719        627       
719        651       
719        657       
719        743       
720        31        
720        35        
720        526       
720        563       
720        732       
721        1         
721        299       
721        427       
721        495       
721        723       
722        87        
722        281       
722        603       
722        695       
723        266       
723        527       
723        823       
724        27        
724        98        
724        526       
724        865       
725        17        
725        205       
725        440       
726        41        
726        43        
726        104       
726        286       
726        371       
726        664       
726        974       
727        517       
727        778       
727        829       
729        307       
729        538       
729        539       
729        845       
730        225       
730        783       
731        785       
732        145       
732        216       
732        253       
732        337       
732        497       
732        557       
732        843       
733        20        
733        51        
733        167       
733        330       
733        412       
733        568       
733        663       
733        778       
733        818       
734        563       
734        769       
734        841       
734        913       
735        134       
735        147       
735        387       
735        815       
736        1023      
737        364       
737        550       
737        561       
737        617       
737        635       
737        777       
739        183       
739        314       
739        798       
739        932       
740        11        
740        25        
740        171       
740        396       
740        649       
740        681       
740        776       
740        955       
741        40        
741        62        
741        536       
741        545       
741        550       
742        145       
742        146       
742        379       
742        444       
742        704       
743        191       
743        312       
743        336       
743        713       
744        61        
744        81        
744        714       
744        889       
745        573       
745        613       
745        639       
745        818       
745        910       
746        269       
746        694       
747        39        
747        208       
747        544       
747        675       
747        701       
747        766       
748        161       
748        471       
748        680       
749        41        
749        256       
749        354       
749        418       
749        430       
749        555       
749        557       
749        615       
749        753       
750        587       
750        617       
750        699       
751        43        
751        689       
751        756       
752        109       
752        173       
752        555       
752        1004      
753        63        
753        110       
753        118       
753        185       
753        190       
753        813       
753        903       
754        121       
754        570       
754        655       
754        670       
754        682       
754        745       
754        823       
755        31        
755        119       
755        601       
755        814       
755        891       
756        59        
756        553       
756        555       
757        41        
757        121       
757        155       
757        380       
757        700       
757        753       
758        123       
758        309       
758        495       
758        540       
758        553       
758        571       
758        641       
758        959       
759        8         
759        58        
759        107       
759        513       
760        98        
760        616       
760        617       
760        628       
760        782       
761        330       
761        933       
762        544       
762        563       
762        568       
762        615       
762        815       
762        899       
763        47        
763        108       
763        619       
763        635       
763        678       
763        770       
763        821       
764        31        
764        35        
764        55        
764        112       
764        565       
764        570       
764        620       
764        622       
764        625       
764        747       
764        795       
764        813       
764        1015      
765        117       
765        182       
765        192       
765        220       
765        221       
765        363       
765        784       
765        943       
766        75        
766        590       
766        719       
766        773       
767        41        
767        251       
767        543       
767        546       
767        656       
767        675       
767        697       
768        915       
769        476       
769        782       
770        90        
770        194       
770        243       
771        504       
771        607       
771        937       
772        247       
772        475       
772        713       
773        136       
773        153       
773        366       
773        385       
773        1010      
774        216       
774        608       
774        739       
774        1006      
775        85        
775        271       
775        655       
776        489       
776        549       
776        669       
776        716       
776        895       
777        433       
778        37        
778        531       
778        607       
778        641       
779        69        
779        115       
779        145       
779        415       
779        590       
780        139       
780        329       
780        923       
781        436       
781        452       
781        499       
781        733       
781        1001      
781        1011      
782        130       
782        241       
782        591       
782        701       
782        755       
783        847       
783        944       
784        185       
784        202       
784        601       
785        205       
785        733       
785        1021      
786        386       
786        435       
786        559       
786        631       
786        967       
786        969       
786        989       
787        29        
787        719       
787        936       
787        942       
788        731       
788        1009      
789        575       
790        361       
790        735       
790        865       
791        238       
791        324       
791        451       
791        552       
791        907       
792        13        
792        255       
793        248       
793        384       
793        749       
794        414       
794        443       
794        471       
794        839       
794        902       
795        583       
795        591       
795        990       
796        329       
796        447       
796        769       
796        1001      
796        1003      
797        360       
797        737       
797        869       
797        897       
798        125       
798        243       
798        683       
798        893       
798        1007      
800        762       
802        113       
802        536       
802        769       
803        704       
803        750       
804        442       
804        738       
804        777       
804        813       
805        33        
805        697       
805        938       
806        302       
806        359       
806        381       
806        867       
806        891       
806        988       
807        522       
807        977       
808        196       
808        239       
809        172       
809        347       
809        764       
809        1006      
811        166       
811        255       
811        493       
811        618       
811        790       
812        109       
812        169       
812        171       
812        442       
812        491       
812        509       
812        665       
812        856       
812        993       
813        125       
813        189       
813        201       
813        721       
813        870       
814        232       
814        313       
814        562       
814        754       
815        440       
815        480       
815        531       
815        665       
815        751       
817        248       
817        375       
817        445       
818        507       
818        1023      
820        203       
820        237       
821        135       
821        249       
821        367       
821        553       
821        898       
822        597       
822        816       
823        197       
823        437       
823        504       
823        873       
823        1017      
824        33        
824        273       
824        548       
824        607       
824        957       
825        150       
825        623       
825        681       
825        955       
826        503       
826        739       
826        875       
827        199       
827        501       
828        57        
828        392       
828        816       
828        1001      
829        86        
829        280       
829        556       
829        572       
829        597       
829        720       
830        58        
830        251       
830        410       
830        482       
831        234       
831        610       
831        864       
831        935       
832        47        
832        246       
832        317       
832        733       
833        798       
834        678       
834        950       
835        251       
835        397       
835        784       
835        944       
836        109       
836        401       
836        420       
836        763       
836        794       
836        815       
837        8         
837        25        
837        286       
837        411       
838        137       
838        251       
838        651       
839        12        
839        139       
839        255       
839        652       
839        907       
840        444       
840        886       
841        170       
841        436       
841        985       
842        111       
842        357       
842        519       
842        615       
843        43        
843        62        
843        263       
843        415       
843        663       
843        665       
843        682       
843        710       
843        933       
844        232       
844        671       
844        675       
844        872       
844        927       
845        279       
845        411       
845        499       
845        925       
846        17        
846        32        
846        154       
846        335       
846        368       
846        384       
846        503       
846        840       
847        3         
847        278       
847        440       
847        627       
847        761       
847        827       
847        915       
848        118       
848        585       
848        665       
848        688       
848        907       
848        916       
849        8         
849        86        
849        191       
849        365       
849        647       
849        859       
850        414       
850        661       
851        139       
851        810       
852        239       
852        953       
853        37        
853        479       
853        521       
853        692       
853        898       
853        923       
854        25        
854        123       
854        213       
854        338       
854        502       
854        521       
854        627       
854        699       
854        723       
854        743       
854        769       
854        841       
854        862       
854        899       
854        902       
854        925       
855        57        
855        129       
855        307       
855        350       
855        603       
855        652       
856        122       
856        607       
856        659       
856        697       
856        737       
856        946       
857        221       
857        269       
857        433       
857        604       
858        104       
858        411       
858        655       
858        943       
858        953       
859        400       
859        663       
859        775       
859        823       
860        152       
860        425       
860        487       
860        527       
860        555       
860        664       
860        740       
860        793       
860        815       
861        153       
861        259       
861        379       
861        385       
861        653       
861        923       
862        69        
862        109       
862        191       
862        248       
862        443       
862        447       
862        478       
862        536       
862        545       
862        701       
862        779       
862        896       
863        149       
863        171       
863        253       
863        663       
863        960       
864        165       
864        587       
864        657       
865        664       
865        767       
865        995       
866        895       
867        114       
867        570       
867        1005      
868        296       
868        692       
868        705       
869        443       
869        681       
869        1001      
869        1006      
870        447       
870        785       
870        941       
871        239       
871        679       
871        702       
872        673       
872        835       
872        937       
873        128       
873        179       
873        292       
873        677       
873        773       
874        167       
874        428       
874        672       
875        242       
875        356       
875        652       
875        739       
875        877       
876        441       
876        497       
876        629       
876        660       
876        685       
877        147       
877        168       
877        291       
877        426       
877        650       
877        686       
877        905       
877        946       
878        62        
878        166       
878        427       
878        939       
879        145       
879        919       
880        169       
880        237       
880        300       
880        932       
881        174       
881        232       
881        909       
881        912       
882        275       
882        402       
882        675       
882        687       
883        221       
883        511       
883        671       
883        856       
883        878       
883        1022      
884        61        
884        127       
884        184       
884        285       
884        315       
884        427       
884        439       
884        442       
884        642       
884        683       
884        690       
884        921       
884        1017      
885        58        
885        205       
885        512       
885        648       
885        797       
886        347       
886        464       
886        497       
886        680       
886        811       
886        843       
887        54        
887        397       
887        488       
887        687       
887        939       
887        1011      
888        153       
888        701       
888        748       
888        829       
888        1001      
889        78        
889        156       
889        461       
889        628       
889        665       
889        815       
889        869       
889        928       
890        11        
890        120       
890        143       
890        175       
890        286       
890        485       
890        557       
890        655       
890        766       
890        920       
890        959       
891        127       
891        560       
891        562       
891        563       
891        675       
892        139       
892        186       
892        275       
892        427       
892        617       
892        689       
892        761       
892        809       
893        161       
893        290       
893        497       
893        519       
893        674       
893        789       
893        825       
893        902       
893        936       
893        945       
893        947       
894        506       
894        523       
894        643       
894        691       
894        692       
894        917       
894        955       
895        65        
895        125       
895        315       
895        552       
895        568       
895        755       
898        749       
898        927       
899        302       
899        369       
899        526       
900        34        
900        89        
900        477       
900        811       
901        93        
901        163       
901        812       
902        152       
902        378       
902        395       
902        478       
904        74        
904        383       
905        69        
905        126       
905        371       
905        384       
905        483       
905        585       
906        326       
906        635       
906        658       
907        397       
907        941       
908        18        
908        79        
908        1000      
909        238       
909        788       
910        242       
910        369       
910        462       
910        678       
911        726       
911        746       
911        811       
912        152       
912        509       
912        635       
912        753       
913        217       
913        503       
913        639       
913        859       
914        488       
915        381       
916        205       
917        249       
917        352       
917        529       
918        79        
918        539       
918        643       
918        719       
918        1010      
919        587       
920        84        
920        625       
920        705       
920        709       
920        734       
921        452       
921        909       
922        13        
922        78        
922        525       
922        963       
923        825       
924        569       
924        655       
924        837       
924        876       
925        345       
925        361       
925        422       
925        577       
925        677       
925        715       
925        757       
926        69        
926        82        
926        154       
926        448       
926        851       
926        858       
927        6         
927        72        
927        628       
927        786       
927        913       
928        733       
928        1017      
929        25        
929        425       
929        1005      
930        970       
931        508       
931        997       
932        125       
932        495       
933        619       
933        629       
934        490       
934        540       
934        590       
934        887       
935        107       
935        553       
936        9         
936        107       
936        517       
936        736       
936        856       
937        241       
937        856       
939        141       
939        225       
939        558       
939        867       
940        134       
940        357       
940        408       
940        881       
940        932       
940        943       
941        125       
941        946       
942        786       
943        126       
943        458       
943        714       
943        908       
944        59        
944        924       
945        226       
945        510       
945        843       
946        169       
947        92        
947        109       
947        451       
947        1017      
948        97        
948        489       
948        626       
948        746       
948        845       
949        99        
949        489       
949        572       
949        616       
950        344       
950        362       
950        776       
951        691       
951        827       
952        397       
952        495       
952        680       
952        740       
953        50        
953        240       
953        493       
953        1007      
954        63        
954        263       
954        631       
955        118       
955        583       
955        890       
956        509       
956        752       
956        761       
956        915       
957        97        
957        225       
957        313       
957        362       
957        370       
957        597       
957        868       
957        1008      
958        449       
958        633       
958        781       
959        193       
959        235       
959        299       
959        353       
959        482       
959        495       
959        606       
959        610       
959        702       
959        858       
960        93        
960        343       
960        620       
960        643       
961        30        
961        271       
961        793       
961        877       
962        307       
962        428       
962        809       
963        604       
963        958       
964        207       
964        521       
964        730       
964        969       
965        65        
965        426       
965        849       
965        1008      
966        61        
966        312       
966        393       
966        408       
967        23        
967        127       
967        275       
967        410       
967        553       
967        722       
968        36        
968        61        
968        246       
968        376       
968        817       
969        606       
969        814       
970        276       
970        434       
970        659       
970        950       
971        26        
971        375       
972        361       
972        523       
972        647       
972        831       
972        856       
972        858       
973        16        
973        337       
973        447       
973        570       
973        670       
973        770       
974        47        
974        49        
974        135       
974        266       
974        286       
974        387       
974        443       
974        485       
974        622       
974        671       
974        698       
974        778       
974        856       
975        349       
975        399       
975        884       
976        657       
976        907       
976        961       
977        24        
977        115       
977        117       
977        201       
977        318       
977        683       
978        165       
978        653       
978        799       
978        935       
979        44        
979        342       
980        484       
980        514       
980        553       
980        809       
981        78        
981        393       
981        409       
981        507       
981        697       
982        153       
982        235       
982        273       
982        506       
982        514       
982        566       
983        26        
983        196       
983        399       
983        690       
984        83        
984        286       
984        334       
984        545       
984        831       
985        457       
985        617       
985        636       
985        652       
985        709       
985        781       
985        875       
986        295       
986        590       
986        591       
986        936       
987        2         
987        162       
987        398       
987        925       
988        67        
988        85        
988        275       
988        729       
988        771       
988        975       
988        995       
989        80        
989        191       
989        270       
989        496       
989        935       
989        1017      
990        41        
990        57        
990        298       
990        435       
990        440       
990        521       
990        672       
991        13        
991        624       
991        797       
992        57        
992        108       
992        665       
993        581       
993        714       
993        921       
993        954       
994        96        
994        231       
994        238       
995        60        
995        272       
995        315       
995        373       
995        560       
995        648       
996        173       
996        1003      
997        43        
997        230       
997        431       
997        445       
997        539       
997        552       
997        570       
997        596       
998        55        
998        314       
998        531       
998        599       
998        739       
998        865       
999        171       
999        187       
999        435       
999        572       
999        686       
1000       379       
1001       51        
1001       80        
1001       251       
1001       393       
1001       506       
1002       162       
1002       823       
1003       297       
1003       911       
1004       61        
1004       153       
1004       610       
1004       935       
1005       173       
1005       368       
1005       572       
1005       731       
1005       801       
1006       621       
1006       643       
1007       37        
1007       372       
1007       571       
1007       831       
1007       1019      
1008       321       
1008       349       
1009       30        
1009       49        
1009       312       
1009       1001      
1010       193       
1010       634       
1011       315       
1011       337       
1011       414       
1011       457       
1012       297       
1012       355       
1012       508       
1012       528       
1012       538       
1012       545       
1012       587       
1012       683       
1012       698       
1012       847       
1012       968       
1013       108       
1014       33        
1014       43        
1014       107       
1014       421       
1014       523       
1014       570       
1014       650       
1014       691       
1014       891       
1015       362       
1016       429       
1016       620       
1016       921       
1017       38        
1017       119       
1017       171       
1017       421       
1017       680       
1017       764       
1017       861       
1017       885       
1018       326       
1018       345       
1018       614       
1018       697       
1018       822       
1018       906       
1018       939       
1019       19        
1019       43        
1019       503       
1019       575       
1019       879       
1019       883       
1019       1011      
1020       19        
1020       45        
1020       81        
1020       167       
1020       179       
1020       182       
1020       245       
1020       254       
1020       336       
1020       457       
1020       682       
1021       111       
1021       566       
1021       572       
1022       58        
1022       279       
1022       289       
1022       306       
1022       307       
1022       637       
1022       907       
1022       979       
1023       127       
1023       172       
1023       291       
1023       307       
1023       483       
1023       575       
1023       813       
1023       952       
