0          467       
0          860       
1          137       
1          228       
2          564       
2          676       
3          49        
3          799       
4          57        
4          403       
4          533       
6          469       
6          643       
6          729       
7          674       
7          990       
8          222       
8          407       
8          717       
9          154       
9          478       
9          533       
9          535       
9          691       
10         724       
11         213       
11         284       
12         137       
12         332       
12         462       
12         486       
12         997       
13         37        
13         1013      
15         538       
16         72        
17         207       
17         667       
17         721       
18         134       
18         154       
18         409       
18         944       
19         659       
19         819       
19         851       
20         151       
20         213       
20         319       
21         83        
21         884       
21         926       
22         87        
22         208       
23         4         
23         218       
23         1013      
24         337       
25         20        
26         291       
26         517       
26         628       
26         870       
27         138       
27         374       
27         718       
27         978       
28         29        
28         113       
28         121       
28         401       
28         979       
29         433       
29         634       
29         656       
29         852       
30         376       
31         22        
31         82        
31         357       
31         436       
31         848       
31         978       
31         980       
32         365       
33         18        
33         170       
33         173       
33         177       
33         180       
33         191       
33         245       
33         280       
33         380       
33         979       
34         59        
34         266       
34         500       
35         72        
35         174       
35         250       
35         487       
35         632       
35         864       
36         183       
36         454       
36         509       
36         581       
37         114       
37         307       
37         341       
37         442       
37         741       
37         917       
38         146       
38         157       
38         341       
38         630       
38         693       
38         989       
39         246       
39         399       
39         519       
39         629       
40         23        
40         113       
40         177       
40         400       
40         543       
40         662       
40         787       
40         788       
40         991       
41         216       
41         218       
41         501       
41         536       
41         816       
41         849       
42         5         
42         383       
42         405       
42         729       
43         21        
43         50        
43         330       
43         466       
43         749       
44         339       
44         371       
44         531       
44         860       
45         116       
45         156       
45         229       
45         272       
45         653       
46         53        
46         157       
46         277       
46         311       
46         349       
46         432       
46         467       
46         469       
46         861       
47         7         
47         166       
47         304       
47         349       
47         476       
47         758       
47         986       
48         337       
48         351       
48         505       
48         576       
48         595       
48         630       
49         150       
49         271       
49         570       
49         636       
49         755       
49         762       
50         303       
50         542       
50         668       
50         678       
50         883       
50         977       
51         139       
51         564       
51         676       
51         924       
51         996       
52         24        
52         98        
52         474       
52         602       
52         603       
52         920       
53         369       
53         385       
53         792       
54         185       
54         657       
55         87        
55         142       
55         155       
55         282       
55         400       
55         443       
55         506       
55         536       
55         664       
55         696       
55         848       
55         851       
55         890       
55         1023      
56         113       
56         241       
56         531       
56         980       
57         28        
57         346       
57         429       
57         948       
58         499       
58         701       
59         124       
59         229       
59         252       
59         383       
59         739       
60         144       
60         241       
60         369       
60         373       
60         721       
60         743       
60         989       
61         33        
61         52        
61         94        
61         311       
61         445       
61         468       
61         527       
61         536       
61         763       
62         279       
62         405       
62         893       
62         1021      
63         33        
63         81        
63         84        
63         160       
63         171       
63         400       
63         888       
64         669       
65         286       
65         501       
65         665       
66         145       
66         149       
66         277       
66         310       
66         471       
67         532       
68         637       
68         675       
69         19        
69         272       
69         312       
69         458       
69         721       
71         502       
71         698       
71         948       
72         527       
73         28        
73         407       
73         604       
75         154       
75         182       
75         471       
76         679       
79         482       
80         773       
81         159       
81         223       
81         237       
81         455       
81         691       
82         95        
82         401       
82         661       
83         339       
83         834       
84         248       
84         709       
85         70        
85         149       
85         159       
85         179       
85         404       
85         501       
86         68        
86         926       
87         21        
87         403       
88         213       
88         759       
88         931       
89         659       
89         688       
89         884       
90         576       
91         426       
92         151       
92         561       
93         477       
93         501       
93         912       
93         1001      
94         281       
94         633       
94         755       
95         281       
96         36        
96         145       
96         271       
96         286       
96         412       
96         692       
96         917       
96         938       
97         114       
97         132       
97         145       
97         159       
97         189       
97         240       
97         255       
97         289       
97         413       
97         756       
97         863       
97         912       
97         979       
97         986       
98         278       
98         423       
98         807       
98         843       
98         925       
98         955       
99         126       
99         152       
99         313       
99         912       
100        165       
100        181       
100        250       
100        279       
100        487       
100        800       
100        957       
101        82        
101        428       
101        434       
101        660       
101        820       
101        978       
102        20        
102        197       
102        530       
102        561       
102        691       
103        435       
103        440       
103        535       
103        676       
103        1017      
104        434       
104        628       
104        697       
105        53        
105        60        
105        63        
105        369       
105        467       
105        562       
105        617       
105        668       
105        715       
105        784       
105        818       
106        209       
106        494       
106        551       
106        700       
106        819       
107        80        
107        135       
107        258       
108        115       
108        185       
108        412       
108        438       
108        920       
109        251       
109        464       
109        634       
109        700       
110        303       
110        541       
111        161       
111        252       
111        435       
111        664       
112        153       
112        161       
112        189       
112        581       
112        659       
112        812       
113        53        
113        532       
113        788       
113        947       
114        379       
114        663       
115        21        
115        403       
116        18        
116        47        
116        156       
116        253       
116        558       
116        661       
116        835       
118        54        
118        343       
118        848       
119        92        
119        240       
119        272       
119        565       
119        656       
119        715       
120        491       
120        698       
120        916       
121        274       
121        319       
121        571       
121        696       
122        214       
123        63        
123        581       
123        790       
123        996       
124        18        
124        401       
124        443       
124        797       
125        12        
125        309       
125        316       
125        391       
125        881       
126        37        
126        531       
126        667       
126        689       
126        707       
126        905       
126        947       
126        977       
127        22        
127        146       
127        158       
127        412       
127        550       
127        920       
127        988       
128        121       
128        197       
128        212       
128        537       
128        836       
128        980       
129        28        
129        838       
129        849       
130        6         
130        127       
130        504       
130        670       
131        95        
131        147       
131        317       
131        406       
131        980       
132        243       
132        312       
132        836       
133        42        
133        199       
133        244       
133        262       
133        341       
133        823       
133        916       
134        226       
134        315       
134        433       
134        727       
135        140       
135        155       
135        375       
135        590       
135        763       
136        262       
136        536       
137        212       
137        960       
137        968       
138        272       
139        87        
139        166       
141        136       
141        221       
141        473       
141        1015      
142        145       
142        844       
142        854       
142        985       
143        148       
143        926       
144        848       
145        218       
145        226       
145        333       
145        725       
145        961       
146        463       
147        626       
148        193       
148        912       
149        160       
149        340       
149        454       
149        464       
149        849       
150        100       
150        183       
150        465       
150        531       
150        755       
150        814       
151        162       
151        755       
151        882       
152        18        
152        305       
152        775       
153        7         
153        22        
153        208       
153        212       
153        247       
153        287       
153        320       
153        487       
153        921       
154        504       
155        114       
155        866       
155        903       
156        215       
156        409       
156        531       
157        77        
157        86        
157        209       
157        218       
157        489       
158        285       
158        827       
159        199       
159        391       
159        506       
160        53        
160        95        
160        191       
160        254       
160        269       
160        463       
160        742       
160        841       
160        854       
161        20        
161        245       
161        339       
161        350       
161        418       
161        431       
161        732       
161        987       
162        64        
162        357       
162        575       
162        699       
162        834       
163        2         
163        50        
163        219       
163        231       
163        279       
163        381       
163        383       
163        514       
163        568       
164        243       
164        277       
164        718       
164        955       
165        180       
165        209       
165        216       
165        288       
165        382       
165        412       
165        413       
165        452       
165        464       
165        693       
165        755       
165        799       
165        932       
165        971       
165        1018      
166        92        
166        103       
166        381       
166        409       
166        507       
166        695       
167        300       
167        340       
167        409       
168        53        
168        229       
168        749       
168        887       
168        949       
168        958       
169        12        
169        18        
169        118       
169        176       
169        503       
169        638       
169        658       
169        803       
169        849       
169        911       
169        975       
169        1013      
170        212       
170        420       
170        662       
170        703       
170        1009      
171        181       
171        219       
171        892       
171        987       
172        182       
172        589       
172        598       
172        657       
172        741       
173        8         
173        178       
173        212       
173        241       
173        433       
173        506       
173        530       
173        534       
173        568       
173        905       
173        908       
173        1008      
174        75        
174        756       
175        148       
175        418       
175        528       
175        693       
176        183       
176        199       
176        244       
176        308       
176        336       
176        552       
176        644       
177        238       
177        265       
177        320       
177        350       
177        414       
177        493       
177        499       
177        503       
177        564       
178        246       
178        732       
179        30        
179        94        
179        213       
179        396       
179        465       
179        468       
179        534       
179        687       
179        700       
179        726       
180        90        
180        93        
180        188       
180        279       
180        285       
180        381       
180        471       
180        837       
180        851       
180        908       
180        914       
180        1023      
181        41        
181        60        
181        112       
181        115       
181        153       
181        193       
181        263       
181        348       
181        733       
181        918       
181        924       
181        989       
181        1010      
181        1019      
182        150       
182        191       
182        479       
182        660       
182        686       
182        908       
183        79        
183        154       
183        243       
183        512       
183        593       
183        615       
183        914       
184        114       
184        343       
184        609       
184        630       
184        866       
184        975       
184        1015      
185        152       
185        186       
185        199       
185        387       
186        29        
186        145       
186        487       
186        731       
187        254       
187        410       
187        419       
187        608       
187        795       
188        181       
188        309       
188        495       
188        636       
188        700       
189        87        
189        128       
189        222       
189        250       
189        358       
189        408       
189        439       
189        471       
189        504       
189        563       
189        728       
189        760       
189        840       
189        926       
190        117       
190        221       
190        242       
190        658       
191        216       
191        510       
191        851       
191        853       
191        877       
191        926       
191        1009      
192        309       
192        599       
192        693       
192        842       
193        76        
193        380       
193        387       
193        820       
193        920       
193        956       
193        982       
194        132       
195        412       
195        644       
195        678       
195        683       
196        158       
196        407       
196        573       
197        448       
197        533       
197        683       
197        764       
198        155       
198        261       
198        279       
198        945       
199        183       
199        278       
199        574       
199        654       
199        689       
199        1012      
200        134       
200        157       
200        436       
201        869       
202        89        
202        147       
202        405       
203        48        
203        86        
203        415       
205        28        
205        498       
205        510       
205        860       
205        977       
206        415       
206        417       
206        759       
206        918       
207        23        
207        121       
207        181       
207        217       
207        721       
208        252       
208        660       
208        949       
209        263       
210        145       
210        197       
210        223       
212        385       
212        433       
212        501       
212        543       
212        900       
212        916       
213        59        
213        76        
213        150       
213        190       
213        711       
213        773       
213        983       
214        696       
214        1015      
215        174       
215        309       
216        401       
216        405       
216        651       
216        917       
217        60        
217        180       
217        496       
218        213       
219        406       
219        442       
219        443       
219        934       
221        127       
221        211       
221        214       
221        656       
221        945       
222        663       
224        5         
224        164       
224        190       
224        518       
225        63        
225        180       
225        220       
225        261       
225        372       
225        469       
225        518       
225        565       
225        660       
225        694       
225        761       
226        214       
226        579       
226        698       
227        126       
227        156       
227        285       
227        359       
227        375       
227        404       
227        560       
228        20        
228        49        
228        272       
228        276       
228        389       
228        535       
228        562       
228        572       
229        144       
229        241       
229        381       
229        719       
229        912       
229        948       
230        184       
230        396       
230        438       
230        581       
230        659       
230        951       
230        1005      
231        7         
231        167       
231        272       
231        360       
231        437       
231        623       
231        663       
231        698       
231        883       
231        1004      
232        6         
232        37        
232        511       
232        889       
233        3         
233        500       
233        668       
233        754       
233        852       
234        108       
234        144       
234        341       
234        447       
235        59        
235        269       
235        430       
235        823       
235        829       
236        29        
236        151       
236        228       
236        306       
236        401       
236        917       
237        150       
237        167       
237        236       
237        246       
237        433       
237        545       
237        722       
237        944       
238        21        
238        26        
238        125       
238        131       
238        235       
238        267       
238        275       
239        59        
239        170       
239        180       
239        370       
239        464       
239        531       
239        627       
239        668       
239        685       
240        61        
240        219       
240        253       
240        337       
240        400       
240        573       
240        658       
240        947       
240        960       
241        15        
241        144       
241        208       
241        231       
241        264       
241        318       
241        340       
241        453       
241        562       
241        656       
241        932       
241        1016      
242        111       
243        18        
243        111       
243        197       
243        276       
243        344       
243        460       
243        676       
243        749       
243        976       
243        1013      
244        165       
244        175       
244        261       
244        411       
244        418       
244        447       
244        501       
244        503       
244        759       
244        881       
245        53        
245        152       
245        317       
245        337       
245        346       
245        445       
245        447       
245        513       
245        560       
245        664       
245        701       
245        801       
246        209       
246        477       
246        613       
246        695       
246        944       
247        191       
247        214       
247        305       
247        506       
248        139       
248        501       
248        625       
249        436       
249        947       
249        1009      
250        54        
250        216       
250        349       
250        404       
250        691       
251        12        
251        136       
251        155       
251        190       
251        317       
251        412       
251        884       
251        980       
252        4         
252        393       
252        469       
252        829       
252        924       
253        59        
253        152       
253        401       
253        444       
253        524       
253        732       
253        787       
253        926       
254        151       
254        159       
254        197       
254        229       
254        709       
255        50        
255        152       
255        210       
255        635       
255        649       
255        663       
255        816       
255        915       
257        138       
257        159       
257        196       
258        20        
258        221       
258        272       
258        484       
259        349       
259        627       
259        739       
260        113       
260        223       
260        242       
260        305       
261        248       
261        379       
261        413       
261        668       
261        734       
261        971       
262        52        
262        934       
265        853       
266        671       
266        851       
267        564       
268        217       
268        635       
269        1003      
271        178       
271        186       
271        246       
271        594       
271        660       
271        982       
272        115       
272        977       
275        409       
276        1         
276        72        
276        255       
276        1021      
277        153       
277        602       
277        752       
277        1000      
278        636       
279        52        
281        149       
281        470       
281        857       
282        825       
282        919       
283        1014      
284        159       
284        533       
284        583       
284        656       
284        821       
284        827       
285        42        
285        133       
285        194       
287        210       
287        582       
287        633       
288        833       
289        128       
289        164       
289        412       
289        726       
290        250       
291        304       
292        29        
292        149       
292        236       
292        396       
292        663       
293        21        
293        22        
293        154       
293        212       
293        244       
293        609       
293        748       
294        17        
294        113       
294        283       
294        766       
295        181       
295        305       
295        461       
295        551       
295        610       
295        857       
296        31        
296        211       
296        253       
296        435       
297        76        
297        119       
297        132       
297        157       
297        180       
297        248       
297        340       
298        295       
299        544       
299        724       
299        873       
300        277       
300        323       
300        560       
301        18        
301        215       
301        715       
302        49        
302        92        
303        598       
303        656       
303        797       
304        133       
304        189       
304        913       
305        333       
305        341       
305        437       
305        449       
305        637       
306        43        
306        181       
306        350       
306        657       
306        724       
307        162       
307        226       
307        628       
308        215       
308        217       
308        269       
308        306       
308        381       
309        147       
309        567       
309        660       
310        2         
310        23        
310        572       
310        635       
311        153       
311        181       
311        391       
311        404       
311        406       
311        562       
312        31        
312        53        
312        323       
313        113       
313        144       
313        436       
313        951       
314        244       
314        255       
314        659       
314        690       
314        705       
315        126       
315        146       
315        223       
315        284       
315        950       
316        115       
316        375       
316        572       
316        629       
316        634       
316        869       
317        8         
317        180       
317        343       
317        358       
317        889       
317        952       
318        245       
318        501       
319        118       
319        173       
319        214       
319        375       
319        400       
320        219       
320        472       
323        55        
323        388       
324        53        
324        759       
325        612       
326        947       
327        18        
327        128       
327        413       
328        20        
328        141       
330        443       
332        193       
332        242       
333        26        
333        50        
333        666       
334        79        
335        429       
337        909       
339        286       
339        538       
339        934       
340        799       
341        158       
341        1008      
343        702       
344        94        
344        262       
345        436       
346        247       
347        465       
348        69        
349        156       
349        183       
351        596       
351        607       
351        951       
352        857       
353        158       
353        187       
353        312       
353        567       
354        7         
354        190       
354        199       
354        404       
354        691       
354        695       
354        827       
355        18        
355        184       
356        181       
356        293       
356        761       
357        30        
357        100       
357        136       
357        513       
358        31        
358        154       
358        211       
358        644       
358        865       
359        337       
360        469       
360        583       
361        138       
361        159       
361        1021      
362        151       
362        191       
362        404       
362        535       
363        58        
363        150       
363        656       
363        977       
363        1007      
364        42        
364        133       
364        178       
364        180       
364        188       
365        529       
365        751       
365        1019      
366        151       
366        182       
367        31        
368        44        
368        199       
368        279       
368        625       
368        679       
368        901       
368        933       
369        192       
369        511       
369        566       
370        14        
370        155       
370        289       
370        311       
370        697       
371        453       
372        33        
372        273       
372        282       
372        743       
374        148       
374        197       
374        551       
374        620       
374        644       
375        267       
375        435       
375        693       
375        733       
376        148       
376        165       
376        531       
376        761       
377        415       
377        799       
378        485       
379        148       
379        688       
380        217       
380        689       
381        58        
381        64        
381        148       
381        161       
381        163       
381        199       
381        273       
381        433       
381        778       
381        940       
382        556       
382        582       
383        34        
383        176       
383        445       
383        664       
383        669       
383        902       
383        990       
384        119       
384        487       
384        699       
384        785       
385        64        
385        286       
388        35        
388        691       
389        443       
389        592       
389        1009      
390        247       
391        433       
393        149       
393        206       
394        212       
394        341       
394        753       
395        16        
395        102       
395        144       
395        380       
395        468       
396        17        
396        72        
396        738       
397        218       
397        730       
397        944       
397        960       
398        34        
398        154       
399        280       
399        880       
400        4         
401        186       
401        759       
402        178       
402        257       
402        665       
403        524       
403        527       
404        665       
405        0         
406        404       
406        543       
407        154       
407        222       
407        278       
407        659       
407        721       
408        469       
408        512       
409        180       
409        208       
409        320       
409        465       
409        533       
409        595       
409        658       
410        155       
410        156       
411        74        
411        98        
411        213       
411        222       
411        691       
413        26        
413        102       
414        35        
414        106       
415        47        
415        87        
415        92        
415        215       
415        391       
415        947       
416        415       
416        894       
417        488       
417        753       
418        76        
418        120       
418        220       
418        223       
418        551       
418        630       
418        917       
418        933       
419        82        
419        90        
419        246       
419        675       
420        118       
420        643       
420        701       
420        854       
421        146       
421        210       
421        236       
421        248       
421        664       
421        754       
421        863       
421        909       
422        151       
422        700       
422        703       
422        871       
423        181       
423        225       
423        340       
423        531       
423        613       
423        671       
423        757       
424        135       
424        692       
424        757       
424        945       
425        1         
425        6         
425        87        
425        94        
425        576       
425        630       
425        752       
426        117       
426        215       
426        217       
426        689       
427        6         
427        157       
427        182       
427        192       
427        436       
427        722       
427        748       
428        179       
428        983       
429        103       
429        158       
429        208       
429        229       
429        363       
429        448       
429        661       
429        911       
430        497       
430        735       
430        754       
431        134       
431        418       
431        650       
431        934       
432        146       
432        189       
432        215       
432        434       
432        990       
433        254       
433        389       
433        518       
433        657       
433        1000      
434        499       
435        159       
435        188       
435        357       
435        759       
436        150       
436        376       
436        389       
436        423       
436        471       
436        473       
436        573       
436        686       
436        695       
437        31        
437        176       
437        214       
437        217       
437        496       
437        623       
437        919       
438        211       
438        593       
438        692       
439        48        
439        694       
439        830       
439        1013      
440        3         
440        167       
440        274       
440        413       
440        725       
441        36        
441        196       
441        204       
441        399       
441        693       
441        723       
441        916       
441        981       
442        417       
443        77        
443        190       
443        449       
443        453       
443        928       
443        989       
444        19        
444        91        
444        316       
445        85        
445        162       
445        396       
445        741       
445        755       
446        33        
446        91        
446        207       
446        372       
446        603       
447        92        
447        274       
447        534       
447        554       
447        568       
448        260       
449        563       
449        575       
450        50        
450        182       
451        0         
451        213       
451        722       
452        286       
452        482       
453        50        
454        129       
455        91        
455        535       
455        694       
455        922       
456        177       
456        567       
456        961       
457        202       
457        712       
458        272       
458        559       
459        156       
459        980       
460        181       
460        309       
460        467       
461        432       
462        199       
462        529       
462        979       
463        147       
463        567       
464        535       
465        208       
465        281       
465        572       
467        14        
467        37        
467        52        
467        518       
469        273       
470        92        
470        127       
471        164       
471        243       
471        400       
472        237       
472        702       
473        22        
474        657       
475        222       
475        565       
475        657       
475        698       
475        981       
476        183       
476        225       
477        535       
477        688       
478        777       
479        183       
479        240       
479        818       
479        909       
479        914       
480        278       
480        507       
480        599       
480        719       
481        3         
481        48        
481        144       
481        246       
481        317       
481        568       
481        789       
481        830       
482        187       
483        743       
484        53        
484        80        
484        932       
485        10        
485        182       
485        212       
485        216       
485        252       
485        277       
485        644       
485        901       
485        978       
486        5         
486        131       
486        145       
486        164       
487        181       
487        437       
487        635       
487        955       
488        3         
488        55        
489        117       
489        182       
489        183       
489        277       
489        976       
490        540       
490        544       
490        663       
491        167       
491        262       
491        403       
491        726       
492        576       
492        653       
492        914       
493        12        
493        334       
493        570       
493        648       
494        144       
494        154       
494        175       
494        197       
494        214       
494        254       
494        657       
494        797       
495        47        
495        189       
495        440       
495        662       
496        118       
496        148       
496        915       
497        23        
497        205       
497        282       
497        527       
497        713       
497        916       
498        227       
498        259       
498        629       
498        835       
499        244       
499        278       
499        519       
499        1012      
501        128       
501        149       
501        175       
501        373       
501        443       
501        597       
501        604       
501        626       
501        651       
501        689       
502        115       
502        384       
502        419       
502        668       
503        7         
503        21        
503        189       
503        446       
503        892       
503        949       
504        27        
504        53        
504        215       
504        243       
505        278       
505        678       
505        723       
505        823       
505        913       
506        39        
506        135       
506        352       
507        119       
507        650       
507        662       
507        708       
508        1         
508        176       
508        549       
508        552       
508        753       
509        48        
509        96        
509        189       
509        243       
509        245       
509        258       
509        406       
509        467       
509        560       
509        705       
510        129       
510        1011      
511        83        
511        129       
511        196       
511        212       
511        440       
511        914       
511        944       
512        131       
512        146       
512        695       
515        899       
516        213       
517        324       
517        732       
519        306       
519        722       
520        208       
520        341       
521        305       
522        220       
522        719       
522        855       
523        21        
523        275       
523        788       
523        901       
523        925       
524        141       
524        336       
524        468       
524        946       
525        88        
525        231       
525        387       
525        437       
525        737       
525        773       
525        957       
525        1014      
526        436       
526        721       
527        88        
527        213       
527        251       
527        343       
527        694       
528        495       
528        631       
529        149       
529        244       
529        442       
530        85        
530        905       
530        1013      
531        347       
531        400       
531        821       
531        890       
531        983       
532        413       
533        31        
533        124       
533        286       
533        470       
533        501       
533        570       
533        607       
533        707       
533        736       
533        923       
534        530       
535        72        
535        124       
535        244       
535        435       
536        103       
537        279       
537        380       
537        451       
537        572       
538        689       
539        178       
540        95        
540        119       
540        217       
540        333       
540        509       
540        685       
540        763       
541        153       
541        248       
541        753       
542        590       
542        671       
543        310       
543        507       
543        542       
543        710       
543        978       
544        167       
544        455       
544        985       
545        5         
545        28        
545        732       
546        29        
546        245       
546        252       
546        407       
546        831       
547        60        
547        201       
547        372       
547        476       
548        190       
548        409       
548        1013      
549        125       
549        145       
549        289       
549        369       
549        436       
549        1000      
550        146       
550        193       
550        213       
550        251       
550        463       
550        631       
550        991       
551        519       
551        587       
551        874       
552        81        
552        497       
552        733       
553        53        
553        181       
553        252       
553        340       
553        409       
553        765       
553        832       
553        866       
554        443       
554        661       
555        222       
555        453       
555        597       
555        637       
555        708       
555        913       
555        981       
556        110       
556        212       
556        410       
556        511       
557        153       
557        241       
557        286       
557        366       
557        372       
557        539       
557        640       
557        785       
558        199       
558        250       
558        317       
558        503       
558        853       
558        919       
559        342       
559        436       
559        500       
559        638       
559        768       
559        930       
560        510       
560        671       
560        927       
561        8         
561        60        
561        188       
561        291       
561        455       
561        693       
561        772       
561        793       
561        924       
561        1013      
562        85        
562        413       
562        469       
562        511       
562        568       
562        664       
562        1008      
563        61        
563        274       
563        470       
563        490       
564        21        
564        123       
564        245       
564        375       
564        595       
564        677       
564        733       
564        738       
564        886       
564        912       
564        918       
564        1001      
565        17        
565        243       
565        307       
565        569       
565        682       
565        887       
565        958       
565        988       
566        172       
566        522       
566        529       
566        905       
567        2         
567        115       
567        341       
567        484       
567        611       
567        742       
567        816       
567        939       
567        1014      
568        149       
568        506       
568        725       
569        95        
569        222       
569        256       
569        915       
569        956       
570        117       
570        447       
570        598       
571        752       
571        790       
572        188       
572        303       
572        402       
572        405       
572        423       
572        436       
572        497       
572        503       
572        656       
572        787       
572        943       
572        990       
573        175       
573        461       
573        845       
574        137       
574        405       
574        486       
574        607       
574        631       
574        891       
575        64        
575        165       
575        247       
575        254       
575        466       
575        626       
575        805       
575        908       
575        956       
575        966       
575        982       
576        197       
576        318       
576        323       
576        415       
576        445       
576        534       
576        799       
577        16        
577        36        
577        213       
577        421       
577        935       
578        600       
578        830       
579        466       
579        891       
580        214       
580        285       
580        947       
581        20        
581        81        
581        187       
581        598       
581        804       
581        828       
582        462       
582        570       
582        957       
583        451       
583        531       
583        986       
584        278       
584        652       
584        1012      
585        250       
585        656       
586        965       
587        886       
588        305       
588        819       
589        47        
589        471       
589        500       
589        670       
589        773       
589        802       
589        924       
590        253       
590        321       
591        780       
591        871       
591        897       
592        913       
593        81        
593        155       
593        524       
593        821       
595        315       
596        21        
596        147       
597        48        
597        409       
598        125       
598        144       
598        353       
598        433       
598        721       
598        813       
600        12        
600        83        
600        430       
600        656       
600        677       
601        341       
602        61        
602        157       
602        682       
602        915       
602        977       
603        242       
604        149       
604        569       
604        944       
605        413       
605        564       
606        91        
606        310       
606        415       
606        886       
607        48        
607        260       
608        35        
608        54        
608        167       
608        273       
608        305       
608        318       
608        464       
608        967       
609        35        
609        254       
609        297       
609        336       
609        397       
609        530       
609        666       
609        668       
609        688       
610        61        
610        187       
610        289       
610        823       
610        931       
611        117       
611        722       
612        138       
612        142       
612        243       
612        402       
612        432       
612        437       
612        624       
613        142       
613        188       
613        276       
613        414       
613        566       
613        788       
613        882       
613        924       
614        126       
614        275       
614        572       
614        573       
614        677       
615        435       
615        532       
615        697       
615        882       
615        895       
615        988       
616        183       
616        214       
616        242       
617        145       
617        169       
617        225       
617        270       
617        318       
617        436       
617        756       
617        894       
618        3         
618        356       
618        445       
619        82        
619        116       
619        187       
619        272       
619        390       
619        529       
620        209       
620        384       
620        401       
620        1011      
621        6         
621        30        
621        169       
621        176       
621        181       
621        284       
621        573       
621        593       
621        635       
622        52        
622        230       
622        337       
622        387       
622        541       
622        615       
622        723       
622        823       
623        147       
623        161       
623        211       
623        245       
623        642       
624        63        
624        113       
624        174       
624        377       
624        924       
625        63        
625        189       
625        337       
625        476       
625        565       
625        569       
625        657       
625        758       
625        772       
626        154       
626        516       
626        669       
627        114       
627        211       
627        236       
627        469       
627        531       
628        143       
628        163       
628        311       
628        371       
628        401       
628        515       
628        699       
628        701       
628        752       
628        756       
629        121       
629        339       
629        343       
629        427       
629        436       
629        521       
629        693       
629        737       
629        748       
629        871       
630        162       
630        531       
630        569       
630        773       
631        372       
631        387       
631        396       
631        419       
631        816       
632        21        
632        94        
632        149       
632        167       
632        283       
632        293       
632        375       
632        441       
633        166       
633        188       
633        218       
633        234       
634        139       
634        575       
634        788       
635        9         
635        130       
635        183       
635        278       
635        420       
635        434       
635        528       
635        564       
636        101       
636        121       
636        163       
636        238       
636        379       
636        403       
636        431       
636        543       
636        919       
637        4         
637        6         
637        22        
637        209       
637        210       
637        276       
637        287       
637        288       
637        364       
637        820       
637        924       
637        988       
638        20        
638        21        
638        128       
638        185       
638        210       
638        670       
639        144       
639        187       
639        447       
639        539       
639        917       
639        989       
639        1007      
640        20        
640        149       
640        203       
640        209       
640        370       
640        942       
641        87        
641        172       
641        372       
641        377       
641        393       
641        411       
641        583       
642        13        
642        373       
642        517       
642        976       
643        285       
643        320       
643        404       
643        724       
643        1014      
644        403       
644        595       
644        677       
644        691       
644        965       
645        91        
645        244       
645        963       
646        885       
647        81        
647        470       
647        578       
647        724       
647        735       
647        856       
647        880       
647        919       
648        270       
648        373       
648        404       
648        471       
649        482       
650        211       
650        576       
650        947       
651        352       
651        439       
651        466       
652        81        
653        624       
653        796       
654        85        
654        244       
654        311       
654        349       
654        350       
654        375       
655        70        
655        149       
655        150       
655        293       
655        373       
655        727       
655        1023      
656        221       
656        285       
656        293       
656        342       
656        537       
656        710       
656        765       
656        852       
657        5         
657        85        
657        86        
657        144       
657        244       
657        308       
657        624       
657        719       
658        193       
658        1021      
659        0         
659        239       
659        275       
659        917       
659        970       
660        275       
660        449       
660        774       
660        868       
661        104       
661        129       
661        209       
661        592       
661        836       
661        992       
662        52        
663        57        
663        217       
663        984       
664        303       
664        728       
664        983       
666        211       
666        221       
666        914       
666        981       
667        37        
667        180       
667        260       
667        626       
667        788       
667        966       
668        85        
668        499       
669        118       
669        199       
669        707       
669        914       
669        967       
670        279       
670        457       
670        774       
671        85        
671        215       
671        275       
671        281       
671        378       
671        408       
671        499       
671        693       
671        796       
671        839       
671        860       
672        78        
672        244       
672        359       
672        373       
672        374       
672        785       
673        71        
673        274       
673        462       
673        468       
673        695       
673        932       
673        982       
674        151       
674        239       
674        602       
674        819       
674        946       
675        20        
675        202       
675        210       
675        404       
675        426       
675        688       
675        690       
676        15        
676        19        
676        63        
676        69        
676        447       
676        603       
676        697       
676        701       
676        767       
676        805       
677        129       
677        342       
677        422       
677        495       
677        510       
677        739       
677        856       
677        860       
678        67        
678        145       
678        231       
679        149       
679        157       
680        279       
680        511       
681        187       
681        214       
681        480       
681        666       
681        734       
682        313       
682        322       
682        479       
682        579       
682        603       
682        630       
682        631       
682        1013      
683        30        
683        196       
683        208       
683        211       
683        221       
683        254       
683        372       
683        471       
683        500       
683        666       
683        758       
683        797       
683        898       
684        49        
684        247       
684        273       
684        611       
684        701       
685        84        
685        151       
685        230       
685        280       
685        661       
685        752       
685        769       
685        821       
685        948       
686        113       
686        127       
686        249       
686        501       
686        913       
686        1015      
687        137       
687        255       
687        474       
687        495       
687        531       
687        644       
687        791       
687        798       
688        36        
688        135       
688        150       
688        202       
688        413       
688        612       
688        724       
688        920       
688        1022      
689        42        
689        88        
689        224       
689        372       
689        378       
689        487       
689        744       
689        804       
689        886       
689        922       
689        1022      
690        103       
690        166       
690        982       
691        307       
691        387       
691        430       
691        668       
692        206       
692        279       
692        405       
692        989       
693        117       
693        192       
693        500       
693        501       
693        594       
693        670       
693        725       
693        732       
693        746       
693        966       
693        1001      
693        1012      
694        112       
694        142       
694        332       
694        669       
694        918       
695        58        
695        172       
695        225       
695        374       
695        378       
695        643       
695        737       
695        869       
695        979       
696        35        
696        121       
696        141       
696        221       
696        324       
696        333       
696        391       
696        410       
696        563       
696        625       
696        691       
696        694       
696        952       
697        159       
697        161       
697        209       
697        213       
697        447       
697        486       
697        593       
697        594       
697        855       
697        903       
697        976       
698        863       
699        85        
699        152       
699        310       
699        436       
699        796       
699        945       
699        988       
700        92        
700        112       
700        347       
700        369       
700        435       
700        469       
700        498       
700        576       
700        639       
700        723       
700        745       
700        773       
700        881       
700        899       
700        911       
701        7         
701        23        
701        86        
701        114       
701        241       
701        294       
701        488       
701        494       
701        520       
701        549       
701        694       
701        864       
701        958       
701        1004      
702        93        
702        605       
702        631       
702        707       
702        784       
703        82        
703        210       
703        695       
703        752       
703        958       
703        1019      
704        467       
704        915       
705        172       
705        1022      
706        157       
706        199       
706        332       
706        338       
706        789       
707        156       
707        159       
707        414       
707        440       
707        758       
708        146       
708        658       
709        49        
709        52        
709        472       
709        567       
709        679       
709        829       
709        938       
709        1002      
710        5         
710        69        
710        677       
710        914       
710        951       
711        95        
711        153       
711        176       
711        523       
711        656       
711        980       
712        659       
713        394       
713        422       
713        918       
713        973       
714        407       
714        664       
714        893       
715        134       
715        158       
715        214       
715        318       
716        211       
717        71        
717        278       
717        703       
717        786       
717        950       
718        357       
718        405       
718        663       
719        416       
719        933       
720        171       
720        343       
721        140       
721        149       
722        293       
723        168       
723        326       
723        638       
723        756       
724        134       
724        153       
724        466       
724        674       
725        4         
725        82        
725        308       
725        384       
725        468       
725        502       
725        528       
725        534       
726        275       
727        204       
727        256       
727        404       
727        577       
727        1019      
728        157       
728        305       
728        661       
728        816       
728        913       
729        13        
729        23        
729        432       
729        885       
730        823       
731        949       
732        211       
732        437       
732        1023      
733        311       
733        423       
733        641       
733        700       
733        801       
733        917       
734        99        
734        501       
735        31        
735        59        
735        830       
736        167       
736        306       
736        545       
736        901       
737        9         
737        19        
737        116       
737        182       
737        207       
737        308       
737        416       
737        462       
737        595       
737        598       
737        694       
737        913       
738        176       
738        439       
738        544       
738        723       
738        978       
739        9         
739        253       
739        338       
739        694       
739        914       
739        1014      
740        63        
740        150       
740        172       
740        182       
740        184       
740        217       
740        278       
740        294       
740        306       
740        356       
740        441       
740        543       
740        736       
741        111       
741        144       
741        237       
741        247       
741        300       
741        406       
741        659       
741        820       
741        918       
741        1015      
742        25        
742        310       
742        435       
742        439       
742        755       
742        792       
742        820       
743        187       
743        282       
743        323       
743        433       
743        435       
743        551       
743        642       
743        908       
743        977       
743        998       
744        375       
744        783       
744        831       
744        961       
744        991       
745        131       
745        165       
745        187       
745        532       
745        651       
745        868       
745        881       
745        917       
745        958       
745        965       
746        150       
746        403       
746        560       
747        30        
747        247       
747        312       
747        414       
747        567       
747        666       
747        759       
748        51        
748        80        
748        400       
748        418       
748        446       
748        820       
748        861       
749        24        
749        63        
749        228       
749        275       
749        355       
749        398       
749        511       
749        547       
749        642       
749        644       
750        31        
750        213       
750        805       
751        132       
751        303       
751        339       
751        407       
751        678       
751        950       
752        1         
752        127       
752        213       
752        286       
752        393       
752        725       
752        842       
752        1021      
753        214       
753        433       
753        514       
753        656       
753        661       
753        730       
754        31        
754        242       
754        263       
754        285       
754        319       
754        407       
754        445       
754        465       
754        575       
754        965       
755        21        
755        24        
755        327       
755        521       
755        657       
755        669       
756        26        
756        371       
756        404       
756        433       
756        434       
756        458       
756        551       
756        718       
757        27        
757        175       
757        188       
757        437       
757        536       
757        656       
757        735       
757        791       
757        792       
757        868       
757        904       
758        21        
758        51        
758        187       
758        275       
758        496       
758        575       
758        861       
758        984       
759        76        
759        120       
759        134       
759        414       
759        489       
759        490       
759        505       
759        625       
759        666       
759        818       
759        939       
759        982       
759        988       
760        4         
760        53        
760        182       
760        213       
760        540       
760        543       
761        20        
761        38        
761        39        
761        159       
761        182       
761        308       
761        327       
761        517       
761        564       
761        741       
761        744       
761        784       
761        799       
761        970       
762        469       
762        605       
762        663       
762        915       
763        181       
763        246       
763        461       
763        502       
763        631       
763        643       
764        215       
764        327       
764        420       
764        741       
764        914       
764        921       
765        4         
765        176       
765        177       
765        181       
765        304       
765        681       
765        786       
765        1008      
766        276       
766        417       
766        477       
766        490       
766        563       
766        769       
766        819       
767        6         
767        144       
767        176       
767        178       
767        279       
767        407       
767        645       
767        801       
767        916       
767        1010      
768        206       
768        328       
768        652       
768        968       
769        86        
769        220       
770        98        
770        197       
771        252       
771        312       
771        534       
771        581       
772        19        
772        529       
772        868       
773        117       
773        244       
773        476       
773        720       
774        1018      
775        605       
776        193       
776        209       
776        845       
778        737       
779        468       
779        582       
780        336       
781        199       
781        542       
781        597       
783        563       
784        248       
784        837       
785        66        
785        156       
785        677       
785        732       
787        156       
787        350       
787        405       
787        626       
788        93        
788        173       
789        85        
789        538       
790        26        
790        727       
791        180       
791        220       
791        988       
793        66        
793        631       
794        276       
795        215       
795        736       
796        279       
796        395       
796        684       
797        470       
797        560       
798        967       
799        52        
799        131       
799        149       
799        180       
799        569       
799        713       
800        22        
800        153       
800        158       
800        333       
800        445       
801        48        
801        84        
801        160       
801        183       
801        251       
801        405       
801        410       
801        550       
802        685       
802        721       
803        18        
803        75        
803        87        
803        94        
803        113       
803        148       
803        187       
803        204       
803        262       
803        726       
803        863       
804        754       
805        0         
805        285       
805        431       
805        484       
805        644       
805        674       
805        924       
806        89        
806        150       
806        663       
807        125       
807        155       
807        230       
807        250       
807        324       
807        461       
807        610       
807        970       
808        180       
808        237       
808        373       
808        433       
808        468       
809        124       
809        188       
809        190       
809        198       
809        533       
809        644       
809        757       
810        117       
810        192       
810        223       
810        503       
810        512       
811        707       
812        42        
812        55        
812        67        
812        337       
812        382       
813        225       
813        381       
813        752       
813        757       
813        949       
814        378       
814        508       
814        715       
814        917       
815        214       
815        567       
815        690       
815        884       
816        229       
816        379       
817        126       
817        556       
817        565       
817        925       
818        51        
818        219       
818        583       
818        707       
818        793       
819        213       
819        738       
820        112       
820        117       
820        125       
820        211       
820        344       
820        589       
821        148       
821        158       
821        472       
821        692       
822        86        
822        181       
822        511       
822        567       
822        658       
822        762       
823        222       
823        507       
823        921       
824        144       
824        433       
824        593       
825        196       
825        212       
825        242       
825        429       
825        687       
825        723       
825        764       
825        913       
826        49        
826        207       
827        634       
827        694       
828        51        
828        560       
828        661       
828        901       
829        179       
829        389       
829        734       
829        757       
830        86        
830        705       
830        1015      
831        85        
831        244       
831        546       
831        590       
831        692       
832        76        
833        498       
833        703       
833        728       
834        519       
835        798       
837        31        
837        83        
837        190       
838        81        
838        265       
838        283       
838        533       
839        211       
840        507       
841        991       
843        189       
843        209       
845        19        
845        145       
845        972       
846        409       
847        955       
848        681       
849        26        
849        179       
849        186       
851        158       
851        251       
851        659       
851        736       
852        503       
852        533       
852        992       
853        190       
853        403       
854        216       
854        693       
855        5         
855        134       
855        202       
855        276       
855        884       
855        952       
855        986       
856        319       
857        46        
858        469       
859        139       
859        815       
860        411       
861        529       
861        849       
863        451       
863        566       
863        799       
863        916       
864        147       
864        181       
864        257       
864        367       
864        590       
865        17        
865        190       
865        305       
865        316       
865        500       
865        596       
865        668       
865        773       
866        55        
866        272       
866        402       
866        423       
866        532       
867        314       
867        407       
867        528       
868        218       
868        269       
868        409       
868        627       
869        213       
869        221       
869        243       
869        266       
869        295       
869        471       
869        759       
869        825       
870        189       
871        162       
871        881       
872        49        
872        357       
872        433       
872        572       
873        95        
873        176       
873        643       
874        83        
874        90        
874        116       
874        219       
874        223       
874        518       
874        669       
874        900       
874        1021      
875        162       
875        176       
875        192       
875        219       
875        945       
876        159       
876        210       
876        275       
876        338       
877        7         
877        821       
878        167       
878        180       
878        741       
879        40        
879        306       
879        318       
879        387       
879        400       
879        421       
879        572       
880        130       
881        101       
881        176       
881        220       
881        540       
881        590       
882        26        
882        52        
882        182       
882        353       
883        99        
883        548       
883        563       
883        700       
883        943       
884        23        
884        279       
884        390       
884        414       
884        510       
885        30        
885        94        
885        403       
885        497       
885        558       
885        565       
885        696       
885        883       
886        94        
886        188       
886        551       
887        36        
887        222       
887        688       
888        144       
888        149       
888        279       
888        637       
889        144       
889        242       
889        278       
889        581       
889        796       
889        824       
890        5         
890        12        
890        227       
890        251       
891        340       
891        767       
892        89        
892        215       
892        230       
892        405       
892        513       
892        529       
892        887       
893        112       
893        177       
893        464       
893        566       
893        676       
893        791       
893        822       
894        183       
894        491       
894        544       
894        887       
894        903       
895        104       
895        183       
895        533       
896        155       
896        188       
896        599       
896        850       
896        885       
897        230       
897        679       
899        7         
899        159       
899        409       
899        451       
900        203       
900        520       
900        788       
901        86        
902        73        
902        757       
903        145       
903        215       
903        744       
903        1016      
904        995       
905        404       
905        607       
905        690       
905        950       
906        16        
906        190       
907        20        
907        54        
907        402       
907        702       
907        990       
908        182       
908        303       
908        784       
909        139       
909        190       
909        215       
909        544       
909        579       
910        49        
910        91        
910        147       
910        349       
910        990       
911        222       
911        982       
912        79        
912        195       
912        375       
912        405       
912        636       
913        212       
913        317       
913        433       
913        726       
914        131       
914        179       
915        216       
916        660       
916        946       
917        169       
917        467       
917        516       
917        599       
917        760       
917        885       
918        11        
918        453       
918        847       
918        889       
918        977       
919        133       
919        209       
919        214       
919        464       
919        882       
920        93        
920        719       
921        240       
921        696       
922        729       
922        1011      
923        146       
924        108       
924        719       
924        919       
925        340       
925        372       
927        43        
927        52        
927        166       
927        207       
927        466       
928        508       
928        511       
928        751       
929        54        
929        358       
929        660       
929        712       
929        870       
929        968       
930        69        
930        570       
930        595       
931        76        
931        258       
931        654       
932        112       
932        229       
932        307       
932        410       
932        448       
932        468       
932        599       
932        985       
932        1015      
933        160       
933        190       
933        207       
933        434       
933        485       
933        496       
933        541       
933        624       
933        659       
933        666       
933        691       
933        870       
933        892       
934        468       
934        470       
935        118       
935        188       
935        510       
935        634       
935        694       
935        727       
936        438       
936        679       
936        983       
936        991       
936        1015      
937        51        
937        60        
937        69        
937        210       
937        647       
937        707       
937        876       
937        883       
937        965       
938        28        
938        207       
938        593       
938        759       
938        1000      
939        78        
939        374       
939        407       
939        976       
940        541       
940        857       
940        885       
941        142       
941        177       
941        507       
941        637       
942        157       
943        213       
943        248       
944        87        
944        141       
944        728       
945        182       
945        660       
945        728       
946        75        
946        94        
947        118       
947        766       
947        982       
948        259       
948        678       
949        165       
949        188       
949        624       
949        708       
949        713       
949        916       
950        59        
950        242       
950        245       
950        423       
950        694       
950        695       
950        938       
951        124       
951        214       
951        447       
951        598       
951        756       
952        397       
952        504       
952        657       
952        1008      
953        204       
953        210       
953        434       
953        575       
953        596       
953        643       
953        684       
953        849       
954        167       
954        230       
954        579       
955        124       
955        247       
955        415       
955        509       
955        727       
955        762       
955        1004      
956        272       
956        501       
956        600       
956        631       
956        676       
956        711       
957        209       
957        395       
957        505       
957        593       
958        121       
958        155       
958        168       
958        643       
958        670       
959        212       
959        944       
960        341       
960        794       
961        332       
962        797       
963        112       
963        465       
963        724       
964        21        
964        349       
964        403       
965        75        
965        155       
965        164       
965        190       
965        534       
965        810       
966        1         
966        540       
966        701       
967        243       
967        410       
967        602       
967        708       
968        169       
968        595       
969        269       
969        294       
969        512       
970        295       
970        351       
971        53        
971        54        
971        788       
972        311       
972        446       
972        767       
973        1         
973        600       
974        398       
974        703       
974        1017      
975        693       
975        964       
977        150       
978        725       
978        983       
980        144       
980        149       
981        22        
981        597       
981        728       
982        20        
982        59        
982        623       
983        6         
983        158       
983        355       
983        404       
984        55        
984        188       
984        697       
985        148       
985        685       
985        912       
986        49        
986        540       
987        49        
987        660       
988        277       
988        753       
988        821       
989        215       
989        660       
990        647       
990        786       
990        791       
991        145       
991        658       
991        903       
991        986       
992        171       
992        509       
992        567       
992        645       
993        18        
993        113       
993        131       
993        535       
993        791       
994        215       
994        505       
994        738       
995        57        
995        190       
995        196       
995        538       
995        996       
995        1013      
996        112       
996        272       
996        527       
996        549       
996        855       
996        921       
996        923       
997        114       
997        159       
997        190       
997        254       
997        272       
997        645       
997        663       
997        703       
997        980       
998        157       
998        220       
999        136       
999        148       
999        179       
999        180       
999        272       
1000       671       
1001       605       
1001       641       
1001       973       
1002       531       
1002       911       
1003       97        
1003       182       
1003       644       
1004       122       
1004       149       
1004       658       
1004       675       
1004       721       
1004       851       
1004       900       
1005       386       
1005       498       
1005       564       
1005       629       
1005       691       
1005       754       
1005       947       
1006       793       
1007       93        
1007       220       
1007       274       
1007       290       
1007       342       
1007       583       
1007       933       
1008       119       
1008       183       
1008       561       
1008       659       
1009       405       
1009       477       
1010       145       
1010       146       
1010       157       
1010       437       
1010       733       
1011       23        
1011       468       
1011       529       
1011       688       
1011       940       
1011       1019      
1012       126       
1012       801       
1012       817       
1013       53        
1013       87        
1013       203       
1013       285       
1013       436       
1013       510       
1013       572       
1013       612       
1014       285       
1014       417       
1014       551       
1014       656       
1015       150       
1015       676       
1015       718       
1015       860       
1016       186       
1016       439       
1016       525       
1016       557       
1016       605       
1016       927       
1017       37        
1017       202       
1017       244       
1017       285       
1017       493       
1017       661       
1017       702       
1018       53        
1018       114       
1018       407       
1018       533       
1019       290       
1019       326       
1019       403       
1019       838       
1020       435       
1020       742       
1021       181       
1021       273       
1021       724       
1021       945       
1022       189       
1022       696       
1023       140       
1023       257       
1023       313       
1023       529       
1023       659       
1023       748       
