0          104       
0          231       
1          267       
2          25        
2          178       
2          255       
2          278       
2          427       
3          575       
3          750       
4          50        
4          939       
5          175       
5          194       
5          586       
6          120       
6          235       
6          298       
6          338       
6          402       
6          767       
7          222       
7          473       
7          499       
7          687       
8          2         
8          223       
8          300       
9          535       
9          907       
9          987       
10         62        
10         157       
10         575       
10         721       
10         945       
11         155       
11         188       
11         686       
12         459       
12         698       
12         715       
12         947       
12         982       
13         347       
13         387       
13         462       
13         866       
13         936       
14         147       
14         430       
14         922       
15         306       
15         448       
15         534       
15         568       
15         750       
16         62        
16         685       
16         719       
16         721       
17         412       
17         426       
17         508       
17         891       
17         957       
18         139       
18         415       
18         630       
19         541       
19         739       
20         242       
20         667       
21         348       
21         536       
21         575       
21         843       
21         930       
22         96        
22         399       
22         497       
22         941       
23         204       
23         572       
23         597       
23         918       
23         1005      
24         102       
24         684       
25         252       
25         301       
25         574       
25         642       
25         669       
25         950       
26         91        
26         207       
26         310       
26         351       
26         698       
26         766       
27         101       
27         349       
27         659       
27         894       
27         940       
27         1011      
27         1015      
28         84        
28         314       
28         362       
28         371       
28         502       
28         563       
28         937       
28         968       
29         92        
29         190       
29         275       
29         310       
29         475       
29         704       
29         978       
29         1011      
29         1012      
30         3         
30         107       
30         313       
30         355       
30         419       
30         734       
31         47        
31         186       
31         376       
31         469       
31         503       
31         510       
31         639       
31         649       
31         762       
31         810       
31         816       
31         970       
31         1022      
33         438       
33         672       
35         997       
36         536       
36         633       
37         26        
37         911       
37         979       
38         195       
38         250       
38         843       
38         982       
39         230       
39         291       
39         339       
39         406       
40         406       
40         481       
40         485       
40         919       
41         750       
42         295       
43         499       
43         889       
43         925       
43         1015      
44         25        
44         38        
44         162       
44         818       
44         843       
44         967       
45         503       
45         530       
45         780       
45         954       
46         435       
47         90        
47         115       
47         553       
48         447       
48         1022      
49         582       
49         666       
49         935       
50         604       
50         715       
50         831       
51         44        
51         310       
51         999       
52         243       
52         492       
52         551       
53         59        
53         170       
53         945       
54         151       
54         429       
55         686       
55         710       
55         763       
55         772       
56         365       
56         939       
57         49        
57         216       
57         270       
58         410       
58         474       
59         26        
59         87        
59         318       
59         356       
59         363       
59         432       
59         444       
59         608       
60         13        
60         423       
60         578       
60         675       
60         879       
60         1001      
61         170       
61         190       
61         291       
61         763       
61         830       
61         926       
62         745       
62         953       
62         981       
62         1001      
63         58        
63         166       
63         318       
63         467       
63         911       
64         1021      
65         108       
65         468       
65         493       
66         222       
66         482       
66         759       
66         1004      
66         1007      
67         95        
67         179       
67         350       
68         19        
68         74        
68         293       
69         502       
69         510       
69         595       
69         676       
69         902       
70         252       
70         347       
70         379       
70         387       
70         663       
70         775       
71         434       
71         473       
71         501       
71         564       
71         658       
71         722       
72         444       
73         114       
73         790       
73         1011      
74         504       
74         702       
74         838       
75         770       
76         196       
76         240       
76         447       
76         631       
76         763       
77         30        
77         186       
77         566       
77         775       
77         790       
77         954       
78         94        
78         183       
78         278       
78         423       
78         430       
78         431       
78         603       
78         736       
78         778       
78         827       
79         2         
79         140       
79         184       
79         442       
79         487       
79         495       
79         695       
79         726       
79         864       
79         890       
80         703       
81         121       
81         388       
81         786       
81         1007      
82         827       
83         333       
83         421       
83         508       
83         812       
83         828       
83         902       
83         934       
84         45        
84         75        
84         183       
84         350       
84         666       
84         987       
85         242       
85         442       
85         474       
85         543       
85         574       
85         666       
85         802       
85         883       
85         907       
85         926       
85         1008      
86         260       
86         473       
86         510       
86         997       
87         143       
87         305       
87         458       
87         538       
87         926       
88         148       
88         188       
88         470       
88         634       
88         823       
89         211       
89         331       
89         481       
89         570       
89         946       
89         974       
89         998       
90         34        
90         211       
90         251       
90         279       
90         987       
91         178       
91         306       
91         319       
91         340       
91         358       
91         640       
91         750       
91         789       
91         931       
91         950       
91         1002      
92         309       
92         320       
92         379       
92         439       
92         682       
92         766       
92         803       
93         62        
93         305       
93         345       
93         700       
94         129       
94         134       
94         179       
94         302       
94         468       
94         615       
94         680       
94         719       
94         885       
94         957       
95         50        
95         290       
95         300       
95         362       
95         460       
95         742       
95         780       
95         862       
96         1022      
97         305       
98         411       
98         946       
99         87        
99         354       
99         692       
100        95        
100        817       
101        12        
101        247       
101        406       
101        1023      
102        471       
103        98        
103        167       
103        383       
103        811       
104        434       
105        247       
105        897       
105        983       
106        486       
106        533       
106        629       
107        798       
108        247       
108        250       
108        353       
108        891       
108        908       
109        34        
109        115       
109        152       
109        296       
109        442       
109        471       
109        542       
109        563       
109        663       
109        779       
109        938       
110        37        
110        109       
110        318       
110        510       
110        606       
110        696       
110        824       
110        1001      
111        84        
111        311       
111        565       
113        279       
113        783       
113        895       
114        83        
114        977       
115        85        
115        98        
115        139       
115        484       
117        83        
117        90        
117        123       
117        173       
117        297       
117        722       
117        926       
117        955       
118        164       
118        632       
118        971       
119        2         
119        233       
119        275       
119        377       
119        390       
119        625       
119        756       
119        964       
120        55        
120        307       
120        400       
120        461       
120        902       
120        1022      
121        166       
121        232       
121        684       
121        748       
122        210       
122        347       
122        635       
122        903       
123        124       
123        620       
124        282       
124        447       
124        587       
124        702       
124        730       
124        790       
124        807       
124        874       
125        271       
125        290       
125        375       
125        698       
125        920       
126        162       
126        233       
126        336       
126        427       
126        521       
126        646       
126        682       
126        819       
127        246       
127        350       
127        361       
127        459       
127        564       
127        675       
127        721       
127        766       
127        1018      
128        439       
129        191       
129        549       
129        574       
129        780       
130        253       
130        655       
131        262       
131        670       
131        895       
132        39        
132        60        
132        87        
132        447       
132        889       
133        240       
133        946       
134        671       
134        678       
135        235       
136        137       
136        407       
136        718       
137        10        
137        63        
137        106       
137        181       
137        390       
137        734       
137        916       
137        982       
138        23        
138        434       
138        447       
138        511       
138        815       
139        335       
139        702       
139        888       
140        49        
140        51        
140        948       
141        247       
141        349       
142        101       
142        200       
142        214       
142        220       
142        374       
142        818       
142        827       
143        55        
143        275       
143        440       
143        632       
143        696       
143        946       
143        1013      
144        423       
145        953       
146        918       
147        398       
147        845       
148        62        
148        562       
148        635       
148        638       
148        1011      
148        1023      
149        284       
149        346       
149        382       
149        430       
149        502       
149        662       
150        38        
150        82        
150        740       
150        818       
150        869       
150        999       
151        201       
151        215       
151        334       
151        550       
151        554       
151        683       
151        806       
151        879       
151        930       
152        191       
153        146       
153        166       
153        494       
153        612       
153        644       
153        671       
153        700       
153        810       
153        894       
154        135       
154        369       
154        602       
154        661       
154        902       
154        929       
154        969       
155        19        
155        152       
155        318       
155        466       
155        804       
155        1008      
156        59        
156        366       
156        420       
156        654       
156        729       
156        739       
157        114       
157        435       
157        530       
157        659       
157        738       
157        815       
157        911       
157        950       
158        38        
158        331       
158        915       
158        975       
159        147       
159        196       
159        248       
159        256       
159        434       
159        449       
159        505       
159        582       
159        595       
159        610       
159        691       
159        855       
159        992       
160        159       
161        862       
164        343       
164        383       
164        922       
164        1013      
165        58        
165        109       
165        210       
165        212       
165        334       
166        786       
166        817       
167        394       
167        418       
167        529       
167        910       
167        914       
168        184       
168        879       
168        943       
169        307       
169        862       
170        441       
170        635       
170        849       
171        293       
172        60        
172        146       
172        217       
172        370       
172        723       
172        914       
173        496       
174        391       
175        187       
175        188       
175        338       
175        440       
175        635       
176        620       
176        757       
176        758       
176        1021      
177        439       
177        701       
178        31        
178        328       
178        507       
178        868       
179        38        
179        271       
179        326       
179        500       
179        750       
180        158       
180        289       
180        759       
180        823       
181        351       
181        363       
182        123       
182        162       
182        338       
183        102       
183        218       
183        226       
183        258       
183        304       
183        841       
183        981       
184        452       
184        811       
185        111       
186        220       
186        283       
186        590       
186        915       
187        57        
187        365       
187        767       
188        143       
188        187       
188        317       
188        441       
189        110       
189        973       
189        986       
189        1018      
190        71        
190        565       
190        587       
190        817       
190        950       
191        24        
191        368       
191        447       
191        478       
191        823       
191        908       
191        959       
191        977       
192        259       
193        370       
193        854       
193        903       
194        907       
194        977       
195        314       
195        436       
195        762       
195        813       
196        570       
196        626       
196        797       
196        831       
196        958       
197        499       
197        503       
197        767       
197        787       
197        934       
199        383       
199        438       
199        666       
199        704       
200        617       
200        663       
200        699       
200        823       
200        923       
201        319       
201        435       
202        141       
202        259       
202        598       
202        725       
202        893       
202        949       
203        52        
203        247       
203        452       
203        458       
203        542       
204        410       
204        604       
204        819       
204        921       
204        1006      
205        167       
205        262       
205        392       
205        412       
205        556       
205        819       
205        859       
205        1006      
206        8         
206        120       
206        190       
206        282       
206        321       
206        634       
206        693       
206        809       
206        827       
207        186       
207        582       
207        832       
207        859       
207        953       
208        437       
208        510       
208        1003      
209        184       
209        429       
209        996       
210        917       
210        1015      
211        350       
211        357       
211        423       
211        690       
211        837       
212        151       
212        454       
212        823       
213        210       
213        227       
213        412       
213        530       
213        571       
214        336       
214        498       
214        579       
215        165       
215        298       
215        323       
215        466       
215        553       
215        574       
215        890       
215        954       
216        400       
216        433       
216        607       
216        699       
216        802       
216        914       
216        996       
216        1022      
217        763       
217        885       
218        47        
218        303       
218        396       
218        591       
218        671       
219        2         
219        174       
219        330       
219        398       
219        685       
220        78        
220        189       
220        234       
220        309       
220        439       
220        446       
220        819       
220        831       
221        31        
221        104       
221        278       
221        417       
221        510       
221        569       
221        767       
221        806       
221        866       
221        941       
222        14        
222        68        
222        191       
222        219       
222        418       
222        503       
222        682       
222        817       
222        827       
222        935       
223        18        
223        26        
223        306       
223        310       
223        386       
223        447       
223        458       
223        467       
223        490       
223        614       
223        716       
223        797       
223        872       
223        985       
223        1000      
224        179       
224        180       
224        380       
226        679       
226        707       
228        958       
229        228       
229        373       
229        488       
229        816       
229        825       
229        922       
230        418       
230        738       
231        255       
231        370       
231        433       
231        507       
231        509       
231        703       
232        158       
232        238       
232        342       
232        479       
233        175       
233        243       
233        450       
233        562       
233        734       
233        751       
234        455       
234        629       
235        96        
236        290       
236        987       
237        178       
237        271       
237        322       
237        426       
237        524       
237        691       
238        378       
238        407       
238        411       
238        634       
238        880       
238        986       
239        60        
239        62        
239        291       
239        309       
239        341       
239        651       
239        770       
239        869       
239        926       
239        999       
240        17        
240        95        
240        619       
241        836       
242        183       
243        182       
243        223       
243        350       
243        635       
244        43        
244        237       
244        277       
244        358       
244        445       
244        683       
245        316       
245        710       
246        235       
246        409       
246        498       
246        835       
246        1001      
246        1019      
247        47        
247        126       
247        172       
247        195       
247        459       
247        544       
247        574       
248        923       
249        250       
249        254       
249        330       
249        610       
249        654       
249        856       
250        33        
250        66        
250        170       
250        223       
250        343       
250        413       
250        508       
251        59        
251        263       
251        457       
251        559       
251        645       
251        957       
252        131       
252        531       
252        831       
252        1018      
253        44        
253        232       
253        284       
253        430       
253        503       
253        792       
253        861       
253        940       
253        966       
253        1003      
254        100       
254        144       
254        371       
254        442       
254        499       
254        667       
254        923       
254        1003      
255        251       
255        254       
255        315       
255        367       
255        544       
255        583       
255        883       
255        884       
255        909       
255        1022      
256        29        
256        733       
257        745       
258        14        
258        242       
258        474       
258        630       
258        780       
258        822       
259        442       
259        478       
259        821       
260        481       
260        495       
261        187       
261        408       
261        419       
261        752       
261        911       
261        972       
262        377       
262        398       
262        1015      
263        308       
263        318       
263        470       
263        542       
263        586       
263        730       
263        840       
263        1022      
264        366       
264        611       
264        1010      
265        126       
265        478       
265        686       
265        996       
266        119       
266        122       
266        132       
267        168       
267        393       
267        607       
267        665       
268        57        
268        293       
268        430       
268        435       
268        700       
269        198       
269        249       
269        428       
269        442       
269        446       
269        560       
269        597       
269        688       
269        758       
269        930       
270        24        
270        635       
270        663       
270        765       
270        888       
270        942       
271        50        
271        502       
271        691       
271        702       
271        886       
271        922       
271        926       
272        95        
272        466       
272        596       
272        619       
272        931       
272        943       
272        988       
272        1023      
273        469       
273        551       
274        390       
274        943       
275        836       
275        901       
275        999       
276        131       
276        175       
276        274       
276        279       
276        291       
276        382       
276        391       
276        602       
276        819       
276        978       
277        103       
277        298       
277        455       
277        618       
277        762       
277        988       
278        35        
278        146       
278        156       
278        226       
278        575       
278        670       
278        895       
278        1022      
279        6         
279        214       
279        480       
279        822       
279        886       
279        954       
280        513       
280        719       
280        935       
280        957       
281        389       
281        625       
281        726       
281        957       
282        62        
282        306       
282        671       
282        701       
283        15        
283        54        
283        424       
283        532       
283        746       
283        811       
284        46        
284        187       
284        328       
284        330       
284        383       
284        462       
284        463       
284        734       
284        743       
284        995       
285        16        
285        54        
285        56        
285        180       
285        199       
285        245       
285        283       
285        366       
285        435       
285        532       
285        942       
286        47        
286        53        
286        585       
286        696       
286        732       
286        923       
286        987       
287        73        
287        98        
287        184       
287        223       
287        442       
287        456       
287        465       
287        552       
287        651       
287        657       
287        730       
287        847       
287        874       
287        959       
287        1023      
289        948       
290        662       
291        31        
291        503       
291        955       
291        1018      
292        246       
293        253       
293        529       
294        232       
294        645       
294        990       
295        242       
295        318       
295        835       
295        918       
296        491       
296        638       
297        254       
297        255       
297        562       
298        38        
298        490       
298        548       
298        918       
299        879       
300        251       
300        915       
301        146       
301        217       
301        354       
301        638       
301        761       
301        922       
302        729       
303        308       
303        410       
303        614       
303        761       
304        375       
304        604       
304        827       
304        879       
304        1015      
305        30        
305        391       
305        430       
305        661       
305        887       
305        926       
306        350       
306        454       
306        668       
306        964       
307        367       
307        686       
307        826       
307        836       
307        1018      
308        445       
308        777       
309        274       
309        435       
309        530       
309        909       
310        134       
310        247       
310        297       
310        663       
311        34        
311        306       
311        355       
311        686       
311        753       
311        760       
312        211       
312        574       
313        385       
313        406       
313        454       
313        910       
313        954       
313        958       
314        439       
314        695       
314        813       
315        379       
315        382       
315        535       
315        688       
316        267       
316        465       
316        626       
316        635       
316        763       
316        848       
316        981       
317        25        
317        59        
317        97        
317        112       
317        144       
317        216       
317        319       
317        688       
317        971       
318        202       
318        327       
318        687       
318        937       
318        978       
318        990       
319        164       
319        236       
319        291       
319        414       
319        426       
319        550       
319        766       
319        939       
320        180       
320        478       
320        622       
320        763       
320        851       
320        938       
321        32        
321        570       
321        612       
321        893       
321        951       
322        177       
322        924       
322        1022      
323        239       
323        278       
323        501       
323        734       
323        1020      
324        55        
324        242       
324        346       
324        526       
324        695       
324        821       
324        870       
324        883       
324        908       
324        958       
325        757       
326        578       
326        635       
326        648       
326        1006      
327        50        
327        65        
327        180       
327        295       
327        490       
327        679       
328        24        
328        62        
328        150       
328        351       
328        477       
328        550       
328        716       
328        790       
329        231       
329        379       
329        499       
329        516       
329        696       
329        822       
329        858       
329        899       
329        965       
329        966       
329        1018      
330        39        
330        150       
330        182       
330        511       
330        522       
330        606       
331        142       
331        191       
331        381       
331        559       
331        948       
332        167       
332        255       
332        430       
332        431       
332        819       
332        823       
333        240       
333        273       
333        398       
333        442       
333        1004      
334        155       
334        179       
334        208       
334        313       
334        446       
334        499       
334        779       
334        917       
334        928       
335        58        
335        106       
335        138       
335        234       
335        240       
335        411       
335        474       
335        523       
335        778       
335        783       
335        812       
335        844       
335        859       
336        278       
336        482       
336        838       
336        884       
337        236       
337        358       
337        433       
337        446       
337        997       
337        1005      
338        106       
338        226       
338        438       
338        471       
339        150       
339        445       
339        447       
339        582       
339        770       
339        772       
339        868       
339        1004      
339        1013      
340        183       
340        218       
340        298       
340        311       
340        331       
340        441       
340        607       
340        737       
340        804       
340        990       
341        18        
341        90        
341        326       
341        384       
341        399       
341        400       
341        437       
341        524       
341        570       
341        698       
341        701       
341        720       
341        1023      
342        51        
342        53        
342        134       
342        159       
342        162       
342        220       
342        262       
342        587       
342        680       
342        705       
342        823       
343        24        
343        177       
343        591       
343        675       
343        746       
343        755       
343        835       
343        854       
344        398       
344        535       
344        679       
344        857       
344        916       
345        6         
345        247       
345        285       
345        289       
345        481       
345        686       
345        817       
345        913       
345        1022      
346        431       
346        662       
346        719       
346        770       
346        850       
346        956       
346        1012      
347        259       
347        433       
347        493       
347        639       
347        732       
347        763       
347        1022      
348        16        
348        125       
348        175       
348        199       
348        314       
348        361       
348        398       
348        411       
348        437       
348        566       
348        664       
348        811       
349        16        
349        98        
349        196       
349        199       
349        212       
349        222       
349        249       
349        324       
349        363       
349        386       
349        418       
349        424       
349        470       
349        550       
349        681       
349        795       
349        896       
349        925       
349        1014      
350        56        
350        302       
350        315       
350        371       
350        473       
350        572       
350        592       
350        745       
350        854       
351        57        
351        73        
351        74        
351        127       
351        169       
351        241       
351        244       
351        456       
351        499       
351        507       
351        526       
351        706       
351        838       
351        872       
351        887       
351        944       
351        1012      
352        50        
352        431       
352        447       
352        500       
352        767       
352        819       
353        202       
353        831       
353        855       
353        1015      
354        63        
354        271       
354        925       
355        149       
355        894       
356        275       
356        433       
356        862       
356        1019      
357        50        
357        302       
357        412       
357        838       
357        856       
358        133       
358        255       
358        447       
358        477       
358        533       
358        739       
358        821       
359        78        
359        260       
359        442       
359        466       
359        477       
359        535       
359        849       
359        928       
359        946       
359        978       
359        987       
360        197       
360        459       
361        59        
361        86        
361        226       
361        558       
361        673       
361        678       
361        1008      
362        390       
362        557       
363        522       
363        951       
364        294       
364        365       
364        551       
364        639       
364        641       
364        702       
364        814       
364        856       
364        903       
365        64        
365        432       
365        506       
365        715       
365        762       
365        770       
365        771       
365        989       
366        63        
366        175       
366        344       
366        358       
366        374       
366        415       
366        514       
367        82        
367        244       
367        454       
367        538       
367        555       
367        658       
367        662       
367        747       
367        954       
368        255       
368        831       
368        1023      
369        36        
369        198       
369        238       
369        261       
369        411       
369        535       
369        767       
369        827       
369        1023      
370        143       
370        248       
370        534       
371        204       
371        282       
371        550       
371        639       
371        958       
372        218       
372        251       
372        491       
372        543       
372        621       
372        740       
372        875       
372        938       
373        41        
373        95        
373        186       
373        792       
374        394       
374        403       
374        455       
374        471       
374        820       
374        978       
375        121       
375        127       
375        175       
375        199       
375        974       
376        579       
376        972       
377        135       
377        158       
377        322       
377        373       
377        414       
377        550       
377        754       
377        862       
377        959       
377        1013      
378        21        
378        182       
378        544       
378        769       
378        773       
378        918       
379        60        
379        187       
379        355       
379        434       
379        542       
379        825       
379        831       
379        940       
380        14        
380        47        
380        113       
380        294       
380        301       
380        335       
380        826       
380        895       
380        999       
381        132       
381        163       
381        213       
381        481       
381        483       
381        618       
381        860       
381        972       
381        994       
382        323       
382        399       
382        646       
382        670       
382        683       
382        926       
382        974       
382        996       
382        1014      
383        8         
383        75        
383        238       
383        387       
383        400       
383        635       
383        650       
383        704       
383        744       
383        791       
383        806       
383        826       
383        953       
384        31        
384        319       
384        382       
384        567       
384        677       
385        53        
386        665       
386        755       
386        1012      
387        40        
387        82        
387        143       
388        335       
388        623       
388        632       
389        15        
389        247       
391        238       
392        78        
392        115       
392        154       
392        155       
392        254       
393        237       
393        255       
393        442       
393        542       
393        781       
393        892       
394        815       
394        987       
395        31        
395        55        
395        308       
395        315       
395        575       
396        789       
396        938       
396        947       
396        1006      
397        447       
397        467       
397        705       
398        287       
398        763       
398        858       
398        945       
399        200       
399        236       
399        251       
399        283       
399        419       
399        603       
399        722       
400        427       
400        958       
401        398       
401        875       
401        917       
402        15        
402        118       
402        759       
402        908       
402        953       
403        70        
403        78        
403        150       
403        200       
403        414       
403        504       
403        534       
403        788       
403        876       
403        950       
404        193       
404        210       
404        271       
404        465       
405        96        
405        181       
405        183       
405        210       
405        219       
405        334       
405        358       
405        386       
405        434       
405        851       
405        923       
406        167       
406        374       
406        443       
406        695       
406        894       
407        109       
407        638       
407        1010      
407        1022      
408        203       
408        619       
409        342       
409        361       
409        604       
410        36        
410        95        
410        119       
410        161       
410        175       
410        308       
410        369       
410        711       
410        763       
410        894       
410        1014      
411        182       
411        276       
411        326       
411        402       
411        618       
411        638       
411        980       
411        992       
411        1022      
412        202       
412        241       
412        243       
412        338       
412        401       
412        551       
412        590       
412        698       
412        752       
413        95        
413        119       
413        182       
413        280       
413        382       
413        431       
413        460       
413        569       
413        679       
413        724       
413        736       
413        753       
413        858       
413        995       
414        218       
414        343       
414        447       
414        495       
414        559       
414        571       
414        850       
414        926       
414        989       
415        34        
415        418       
415        437       
415        438       
415        510       
415        882       
415        983       
416        115       
416        231       
416        283       
416        291       
417        556       
417        846       
418        410       
419        325       
419        382       
420        518       
420        944       
421        697       
421        822       
421        921       
421        953       
421        1022      
422        81        
422        255       
422        338       
422        545       
423        274       
423        403       
424        469       
424        623       
425        48        
425        249       
425        758       
426        415       
427        157       
427        266       
427        530       
427        759       
427        987       
428        58        
428        155       
428        275       
428        318       
428        446       
429        123       
429        307       
429        398       
429        863       
429        874       
430        497       
430        546       
430        762       
430        763       
430        872       
431        650       
431        838       
431        946       
432        312       
433        443       
433        687       
433        889       
433        890       
433        951       
434        143       
434        167       
434        733       
434        815       
435        113       
435        293       
435        308       
435        524       
435        676       
436        464       
436        692       
436        732       
437        55        
437        60        
437        118       
437        554       
437        763       
437        826       
439        666       
439        667       
440        650       
441        458       
441        518       
441        901       
442        237       
442        567       
442        614       
442        757       
443        90        
443        159       
443        256       
443        308       
443        439       
443        540       
443        563       
443        678       
443        763       
443        764       
443        902       
443        937       
443        972       
444        122       
444        754       
444        955       
444        958       
445        43        
445        79        
445        216       
445        244       
445        347       
445        657       
445        667       
445        799       
446        51        
446        155       
446        371       
446        551       
446        687       
446        848       
446        867       
446        947       
446        958       
446        1019      
447        4         
447        81        
447        642       
447        720       
447        739       
447        764       
447        802       
447        828       
447        1019      
448        842       
449        12        
449        184       
449        186       
449        446       
449        654       
450        190       
451        91        
451        635       
451        735       
452        6         
452        507       
452        635       
452        738       
452        946       
452        978       
453        186       
453        282       
453        312       
453        663       
453        923       
453        1013      
453        1014      
454        636       
454        893       
454        975       
454        1019      
455        120       
455        319       
455        432       
455        500       
455        573       
455        764       
455        769       
455        825       
455        886       
456        33        
457        263       
457        375       
457        470       
457        473       
457        529       
457        575       
457        661       
457        903       
458        120       
458        121       
458        327       
459        277       
459        382       
459        413       
459        502       
459        752       
459        882       
459        888       
459        950       
459        957       
459        1004      
460        243       
460        255       
460        646       
460        697       
460        831       
460        978       
461        16        
461        30        
461        158       
461        169       
461        396       
461        440       
461        598       
461        746       
461        950       
462        10        
462        90        
462        443       
462        489       
462        673       
462        759       
462        792       
462        888       
462        889       
463        58        
463        97        
463        216       
463        238       
463        315       
463        479       
463        607       
463        646       
463        798       
463        899       
464        41        
464        465       
464        543       
464        983       
465        76        
465        138       
465        202       
465        293       
465        556       
465        679       
465        749       
466        742       
466        1022      
467        28        
467        133       
467        742       
468        235       
468        291       
468        373       
468        455       
468        487       
468        687       
468        789       
468        948       
469        149       
469        334       
469        388       
469        431       
469        667       
469        782       
469        939       
469        1006      
469        1016      
470        226       
470        310       
470        314       
470        410       
470        699       
470        910       
470        958       
471        20        
471        219       
471        463       
471        511       
471        563       
471        571       
471        642       
471        759       
471        837       
472        207       
472        351       
472        483       
472        766       
472        869       
472        979       
473        20        
473        51        
473        123       
473        159       
473        178       
473        469       
473        551       
473        557       
473        651       
473        659       
473        755       
473        948       
474        583       
475        324       
475        518       
475        554       
475        662       
475        724       
475        883       
476        2         
476        36        
476        145       
476        280       
476        319       
476        341       
476        377       
476        389       
476        507       
476        520       
476        523       
476        543       
476        803       
476        999       
477        110       
477        150       
477        174       
477        239       
477        248       
477        269       
477        428       
477        435       
477        486       
477        517       
477        527       
477        565       
477        632       
477        758       
477        778       
477        878       
477        880       
477        918       
477        920       
477        995       
478        67        
478        407       
478        527       
478        701       
478        799       
478        827       
478        869       
478        943       
479        135       
479        146       
479        151       
479        353       
479        372       
479        383       
479        538       
479        579       
479        674       
479        692       
479        729       
479        743       
479        795       
479        802       
479        815       
479        839       
479        892       
479        926       
479        936       
479        937       
479        954       
479        984       
481        566       
481        605       
482        455       
482        663       
483        494       
483        816       
483        830       
484        829       
485        9         
485        56        
485        154       
485        529       
485        774       
485        867       
485        926       
485        1019      
486        691       
486        995       
487        372       
487        446       
487        463       
487        755       
487        923       
487        999       
487        1020      
488        492       
489        368       
489        388       
489        495       
489        719       
489        881       
489        887       
490        119       
490        997       
491        126       
491        254       
491        312       
491        816       
492        238       
492        377       
492        678       
492        729       
492        918       
493        315       
493        318       
493        712       
493        763       
493        946       
494        51        
494        314       
494        728       
494        863       
494        894       
495        90        
495        92        
495        159       
495        179       
495        242       
495        444       
495        518       
495        539       
495        721       
495        766       
495        814       
495        975       
495        987       
495        991       
496        265       
496        400       
497        768       
497        933       
497        943       
498        420       
498        527       
498        895       
498        903       
499        81        
499        255       
499        280       
499        598       
499        677       
499        767       
500        698       
500        780       
500        957       
501        11        
501        112       
501        377       
501        474       
501        535       
501        566       
501        596       
501        986       
502        88        
502        141       
502        234       
502        603       
502        892       
502        963       
503        24        
503        173       
503        254       
503        812       
503        843       
505        2         
505        101       
505        382       
505        486       
505        580       
505        650       
505        866       
506        54        
506        60        
506        189       
506        541       
506        671       
506        694       
506        758       
507        7         
507        244       
507        367       
507        405       
507        491       
507        574       
507        702       
507        741       
508        55        
508        87        
508        125       
508        150       
508        163       
508        180       
508        226       
508        246       
508        376       
508        575       
508        931       
509        41        
509        152       
509        278       
509        285       
509        655       
509        715       
509        777       
509        966       
509        996       
509        1000      
510        185       
510        396       
510        647       
511        538       
511        635       
511        675       
511        710       
511        826       
511        982       
513        702       
515        166       
515        179       
515        422       
515        478       
515        1019      
516        183       
516        311       
516        457       
516        882       
517        17        
517        154       
517        818       
518        395       
518        534       
519        182       
519        189       
520        158       
520        831       
520        951       
522        786       
523        277       
523        279       
523        375       
523        670       
523        777       
523        955       
524        115       
524        235       
524        353       
525        222       
525        460       
525        641       
525        743       
526        58        
526        142       
526        306       
526        846       
527        253       
527        314       
527        440       
527        464       
527        699       
527        807       
528        119       
528        321       
528        639       
529        339       
529        974       
530        210       
531        108       
531        734       
532        81        
532        479       
532        870       
533        112       
533        798       
533        892       
534        28        
534        511       
534        530       
535        656       
535        782       
535        831       
536        423       
536        639       
537        558       
537        571       
537        591       
537        654       
538        411       
539        262       
539        784       
539        838       
540        149       
540        287       
541        18        
541        811       
542        154       
542        995       
543        193       
543        211       
543        395       
543        627       
543        662       
543        686       
543        731       
543        806       
544        949       
545        574       
545        758       
546        1008      
547        171       
549        871       
550        890       
551        350       
551        434       
551        503       
551        763       
552        255       
552        811       
553        862       
554        302       
554        691       
554        862       
554        870       
555        126       
555        571       
556        655       
556        784       
556        954       
557        281       
557        822       
557        959       
559        218       
559        315       
559        714       
560        158       
560        417       
561        380       
562        279       
562        479       
563        178       
564        305       
565        390       
565        487       
565        587       
565        910       
566        677       
567        939       
568        26        
568        903       
569        554       
570        806       
571        6         
571        46        
571        711       
571        903       
572        142       
572        290       
572        511       
572        613       
572        795       
572        829       
573        686       
573        866       
573        980       
574        93        
575        341       
575        359       
575        637       
575        783       
575        930       
576        204       
577        38        
577        186       
577        374       
577        446       
577        739       
577        803       
578        254       
578        931       
579        978       
579        1001      
581        44        
581        146       
581        509       
581        753       
581        804       
582        227       
582        629       
582        721       
582        728       
582        788       
583        142       
583        727       
585        126       
585        295       
586        264       
586        899       
587        30        
587        926       
588        387       
588        989       
589        138       
589        156       
589        160       
589        249       
589        447       
589        540       
589        731       
590        255       
590        434       
590        491       
590        503       
590        842       
590        854       
591        750       
591        813       
591        972       
592        351       
593        112       
593        310       
593        418       
593        443       
594        815       
595        47        
595        266       
595        322       
595        463       
595        634       
595        654       
595        687       
595        702       
595        845       
596        16        
596        47        
596        747       
596        870       
597        39        
597        95        
597        566       
597        816       
597        926       
597        1013      
598        160       
598        765       
598        995       
599        235       
599        462       
599        702       
600        377       
600        519       
600        659       
600        965       
601        190       
601        567       
601        1012      
603        158       
603        262       
603        273       
603        283       
603        350       
603        639       
603        718       
603        890       
604        409       
604        447       
604        819       
604        953       
604        960       
605        350       
605        469       
605        490       
605        492       
605        627       
605        755       
605        765       
605        841       
605        1002      
606        132       
606        321       
606        623       
606        666       
606        711       
606        730       
606        951       
607        150       
607        200       
607        614       
607        638       
607        643       
607        1006      
610        314       
610        1014      
611        33        
611        974       
613        177       
613        184       
614        644       
614        761       
615        134       
615        234       
615        326       
615        971       
615        998       
617        118       
617        247       
617        477       
619        338       
619        679       
619        701       
619        774       
620        291       
620        645       
620        743       
620        919       
621        726       
621        759       
622        262       
622        717       
623        104       
623        175       
623        475       
623        511       
623        649       
623        712       
624        369       
624        866       
625        231       
625        238       
625        766       
626        55        
627        655       
628        95        
628        281       
628        547       
628        868       
628        915       
628        1018      
629        954       
630        286       
630        297       
631        311       
631        478       
631        499       
631        743       
632        333       
632        540       
633        830       
633        958       
633        1022      
635        414       
635        445       
635        972       
636        43        
636        826       
637        56        
637        186       
637        302       
637        446       
637        515       
637        547       
637        565       
637        819       
639        256       
641        98        
641        278       
641        376       
641        647       
642        247       
642        494       
643        967       
644        755       
644        865       
644        950       
645        238       
646        334       
646        915       
647        111       
647        218       
647        756       
648        703       
649        47        
649        198       
649        410       
649        415       
649        822       
650        276       
650        915       
650        999       
651        677       
652        1         
652        378       
652        560       
652        593       
652        759       
653        50        
654        635       
654        923       
654        930       
655        11        
655        216       
655        561       
656        248       
656        275       
657        164       
657        278       
657        487       
657        506       
658        88        
658        129       
658        402       
658        875       
659        517       
659        735       
659        887       
660        5         
660        215       
660        395       
660        596       
660        789       
660        845       
661        26        
661        590       
662        417       
662        567       
662        694       
662        954       
662        1011      
663        155       
663        469       
663        535       
663        926       
664        306       
664        483       
664        830       
664        991       
664        1013      
666        240       
666        643       
666        957       
667        63        
667        283       
667        347       
667        399       
668        170       
668        598       
668        712       
669        346       
669        378       
669        447       
669        834       
670        218       
670        730       
670        762       
671        154       
671        464       
671        733       
671        882       
672        843       
674        700       
676        27        
677        952       
678        278       
678        475       
678        774       
679        438       
679        930       
679        974       
679        1023      
680        439       
680        815       
681        102       
682        7         
682        757       
682        762       
682        890       
683        996       
684        446       
684        510       
685        875       
686        158       
686        567       
686        1011      
687        146       
687        212       
687        674       
687        698       
687        912       
687        953       
688        6         
688        250       
689        892       
691        154       
691        494       
691        612       
692        1023      
693        83        
694        201       
695        11        
695        323       
696        652       
697        733       
698        204       
698        844       
698        938       
698        1006      
699        214       
699        436       
699        654       
699        827       
700        823       
700        1019      
701        143       
701        316       
701        411       
701        528       
701        564       
701        633       
701        732       
702        410       
702        443       
702        1023      
703        127       
703        184       
704        307       
704        999       
705        940       
706        892       
707        462       
707        815       
708        607       
708        690       
708        929       
709        58        
709        114       
709        408       
709        479       
709        856       
709        904       
709        989       
710        241       
710        894       
711        756       
711        957       
712        218       
712        755       
712        799       
713        604       
713        759       
713        972       
714        246       
714        889       
715        127       
715        703       
715        1007      
716        255       
716        447       
716        629       
716        679       
716        927       
717        235       
717        391       
717        624       
718        63        
718        182       
718        214       
719        158       
719        287       
719        310       
719        568       
719        722       
720        467       
721        414       
721        466       
721        958       
723        787       
724        178       
724        469       
724        812       
724        890       
725        154       
725        183       
725        344       
726        244       
726        775       
726        831       
726        1022      
727        298       
727        302       
727        348       
727        413       
727        638       
727        796       
727        803       
728        183       
728        498       
728        673       
728        726       
729        575       
729        606       
730        452       
730        455       
730        544       
730        639       
730        813       
731        15        
731        281       
731        678       
731        906       
732        103       
732        351       
732        583       
732        815       
733        7         
733        215       
733        217       
733        282       
733        390       
733        676       
733        754       
734        146       
734        289       
734        581       
734        779       
734        847       
735        378       
735        542       
735        937       
735        974       
736        487       
736        806       
737        110       
739        120       
739        1018      
741        341       
741        621       
741        682       
742        431       
743        18        
743        665       
743        754       
743        787       
744        28        
745        847       
746        52        
746        181       
746        671       
747        86        
747        671       
748        731       
748        821       
748        1019      
749        482       
749        504       
750        370       
750        402       
750        703       
750        863       
751        594       
752        45        
752        107       
752        174       
753        444       
753        716       
754        604       
754        865       
754        881       
755        132       
755        807       
756        267       
756        674       
756        851       
757        732       
757        819       
757        898       
758        518       
759        105       
759        168       
759        178       
759        210       
759        300       
759        305       
760        191       
760        350       
760        421       
760        958       
761        214       
761        932       
762        307       
762        423       
762        537       
762        823       
764        39        
764        224       
764        375       
765        433       
765        486       
765        654       
765        744       
765        772       
765        795       
765        835       
765        984       
766        103       
766        175       
766        306       
766        805       
766        868       
766        904       
767        103       
767        441       
767        454       
767        622       
767        666       
767        1018      
768        383       
768        695       
768        1023      
769        570       
769        702       
769        730       
769        956       
770        649       
770        815       
771        42        
771        442       
771        622       
772        191       
772        319       
773        54        
773        670       
773        787       
774        41        
774        327       
774        957       
775        507       
775        571       
775        805       
775        923       
776        1016      
777        124       
778        908       
779        54        
779        557       
779        819       
779        982       
779        1010      
780        156       
780        280       
780        433       
780        830       
781        568       
781        594       
782        147       
782        150       
782        265       
782        436       
782        502       
782        699       
783        270       
783        366       
783        939       
783        959       
783        984       
784        459       
784        518       
784        850       
785        166       
785        205       
785        502       
785        988       
786        507       
786        797       
786        828       
787        565       
788        119       
788        315       
788        438       
788        762       
789        30        
789        206       
789        273       
789        411       
790        251       
790        655       
790        797       
791        303       
791        386       
791        403       
791        867       
791        996       
792        941       
793        132       
793        188       
793        438       
793        582       
793        650       
793        672       
793        677       
793        702       
794        407       
794        414       
794        748       
795        118       
795        773       
795        910       
795        976       
795        1022      
796        34        
796        42        
796        427       
796        800       
797        396       
797        447       
797        614       
798        215       
798        392       
798        430       
798        442       
798        521       
798        609       
798        675       
798        947       
799        8         
799        336       
799        413       
799        478       
799        482       
799        533       
799        564       
799        566       
799        619       
799        922       
800        209       
801        368       
801        694       
803        229       
803        818       
803        995       
804        34        
804        787       
804        984       
805        567       
806        533       
806        698       
807        775       
807        860       
807        932       
807        944       
808        379       
809        638       
809        904       
810        468       
811        70        
812        276       
812        419       
812        831       
813        369       
813        490       
813        1010      
814        176       
815        250       
815        427       
816        261       
816        915       
817        348       
817        370       
817        698       
817        823       
817        879       
818        550       
818        670       
819        255       
819        581       
819        758       
820        25        
820        489       
820        679       
822        370       
822        546       
822        927       
823        25        
823        58        
823        253       
823        388       
823        614       
823        649       
823        945       
823        994       
824        211       
824        315       
824        955       
825        66        
825        811       
826        679       
826        831       
826        982       
827        58        
827        386       
828        117       
829        120       
829        280       
829        458       
830        98        
830        150       
830        237       
830        251       
830        362       
830        610       
830        616       
830        828       
830        991       
830        1007      
831        68        
831        399       
831        548       
831        568       
831        694       
832        189       
832        349       
832        751       
833        260       
833        486       
834        587       
834        599       
835        327       
835        653       
836        188       
836        247       
836        317       
837        134       
837        218       
837        227       
837        415       
837        1022      
838        441       
838        721       
839        78        
839        326       
839        453       
839        576       
839        882       
840        412       
840        445       
840        871       
841        356       
841        894       
842        120       
842        351       
842        634       
842        939       
843        16        
843        119       
843        699       
843        877       
844        60        
844        93        
844        239       
844        394       
844        433       
844        959       
844        968       
845        36        
845        226       
845        350       
845        426       
845        554       
845        678       
845        814       
845        946       
846        215       
846        271       
846        347       
846        531       
846        688       
847        121       
847        184       
847        534       
847        787       
847        822       
847        971       
848        296       
848        310       
848        847       
849        247       
849        539       
849        706       
849        742       
850        406       
851        22        
851        134       
851        343       
851        1018      
852        726       
853        37        
853        127       
853        196       
853        346       
853        363       
853        392       
853        434       
853        487       
853        546       
853        756       
853        848       
853        863       
854        119       
855        102       
855        408       
855        815       
855        1023      
856        28        
856        152       
856        189       
856        339       
856        415       
857        54        
857        157       
857        171       
857        766       
857        944       
857        983       
858        76        
858        338       
859        129       
859        184       
859        293       
859        534       
860        140       
860        418       
860        551       
860        571       
860        635       
860        657       
860        1011      
861        12        
861        34        
861        35        
861        77        
861        143       
861        159       
861        168       
861        359       
861        641       
861        662       
861        760       
861        966       
861        993       
862        38        
862        107       
862        187       
862        250       
862        439       
862        497       
862        503       
862        664       
862        710       
862        955       
863        10        
863        239       
863        687       
863        751       
863        789       
863        796       
863        904       
863        950       
864        14        
865        92        
865        183       
865        410       
866        171       
866        406       
866        418       
867        102       
867        243       
867        503       
868        481       
868        543       
869        51        
870        183       
870        579       
871        154       
871        376       
871        383       
871        1018      
872        306       
872        726       
872        787       
873        309       
873        676       
874        117       
874        151       
874        306       
874        927       
875        170       
875        698       
875        918       
876        191       
877        291       
877        488       
877        634       
877        933       
877        948       
878        4         
878        255       
878        399       
878        1015      
879        87        
879        553       
879        658       
879        759       
879        785       
880        467       
880        733       
881        173       
881        650       
881        958       
882        623       
883        227       
883        316       
885        12        
885        16        
885        394       
885        696       
885        759       
886        575       
886        763       
887        168       
887        237       
887        447       
887        458       
888        611       
888        636       
888        966       
888        1006      
889        158       
889        323       
889        439       
889        678       
890        223       
890        636       
890        980       
891        94        
891        942       
891        974       
892        381       
892        985       
893        46        
893        230       
893        299       
893        431       
893        566       
893        880       
893        922       
893        1016      
894        184       
894        684       
894        761       
894        1002      
895        5         
895        226       
895        493       
895        607       
895        624       
895        708       
895        808       
895        976       
896        314       
899        470       
899        988       
900        669       
900        687       
900        716       
901        466       
901        954       
901        1001      
902        251       
902        309       
902        349       
902        500       
903        353       
904        680       
905        606       
905        894       
905        972       
905        1022      
906        110       
906        126       
906        414       
906        471       
906        933       
906        999       
907        319       
907        954       
908        487       
909        58        
909        69        
909        142       
909        159       
909        186       
909        278       
909        434       
909        586       
909        906       
910        43        
910        585       
910        675       
911        316       
911        332       
911        551       
912        133       
912        458       
913        91        
913        110       
913        570       
913        663       
914        47        
914        109       
914        976       
915        51        
915        271       
915        624       
916        358       
916        915       
917        30        
917        133       
917        518       
917        881       
918        288       
918        745       
918        749       
918        807       
919        25        
919        42        
919        108       
919        394       
919        398       
920        180       
920        237       
920        662       
921        80        
921        423       
921        510       
922        297       
922        678       
922        934       
923        94        
923        408       
923        463       
924        164       
924        186       
924        252       
924        697       
924        942       
925        46        
925        292       
925        386       
925        466       
925        505       
925        554       
925        870       
925        980       
926        34        
926        82        
926        309       
926        579       
927        163       
927        164       
927        574       
927        682       
927        759       
927        823       
927        920       
928        474       
928        930       
930        507       
931        375       
932        16        
932        70        
933        132       
933        219       
933        297       
933        755       
934        949       
935        34        
936        942       
937        722       
937        814       
937        990       
938        860       
939        55        
939        422       
939        822       
940        70        
940        660       
941        59        
941        61        
941        546       
941        696       
942        403       
942        562       
942        790       
942        1011      
943        63        
943        138       
943        422       
943        603       
943        692       
944        845       
945        39        
945        774       
945        940       
946        605       
946        855       
947        588       
947        902       
948        108       
948        219       
948        391       
948        538       
948        807       
950        95        
950        251       
950        658       
950        687       
950        759       
950        787       
950        865       
951        23        
951        78        
951        230       
951        695       
951        1012      
952        535       
953        166       
953        295       
953        446       
953        678       
954        235       
954        438       
955        334       
955        663       
955        694       
956        244       
956        295       
957        226       
957        434       
957        600       
957        826       
958        410       
958        479       
958        830       
958        992       
958        1007      
958        1015      
959        46        
959        412       
959        754       
959        778       
960        52        
961        123       
961        252       
961        975       
962        27        
962        234       
962        654       
962        871       
963        415       
964        34        
964        178       
964        558       
964        765       
964        951       
965        87        
965        309       
965        431       
965        436       
965        574       
965        604       
966        167       
966        338       
966        605       
966        927       
967        224       
967        639       
968        249       
968        390       
969        311       
969        326       
969        671       
969        818       
969        869       
970        190       
970        311       
970        815       
970        882       
971        398       
971        740       
971        765       
971        1013      
972        147       
972        887       
972        951       
973        498       
973        710       
973        912       
974        245       
974        558       
974        826       
974        970       
975        92        
975        319       
975        410       
975        510       
975        734       
975        846       
975        850       
975        955       
977        717       
977        902       
978        4         
979        501       
980        379       
980        444       
980        583       
980        1023      
981        214       
981        618       
981        864       
982        19        
982        171       
982        670       
983        118       
983        276       
983        302       
983        400       
983        527       
983        726       
983        754       
983        837       
983        987       
984        298       
984        495       
984        633       
984        671       
984        982       
985        36        
985        212       
985        270       
985        406       
985        447       
985        565       
985        892       
985        917       
985        959       
985        1009      
986        295       
986        339       
986        500       
986        501       
986        563       
986        702       
986        710       
986        813       
986        908       
987        302       
987        670       
988        59        
988        105       
988        139       
988        287       
988        710       
988        758       
988        892       
988        931       
989        50        
989        218       
989        302       
989        402       
989        412       
989        526       
989        950       
990        39        
990        56        
990        91        
990        175       
990        442       
990        550       
991        23        
991        58        
991        309       
991        379       
991        422       
991        685       
991        728       
991        786       
992        919       
993        661       
993        857       
994        118       
994        346       
995        548       
997        227       
997        370       
997        628       
997        1017      
998        295       
998        416       
999        105       
999        278       
999        350       
1000       654       
1000       921       
1000       1005      
1001       221       
1001       739       
1001       854       
1002       654       
1003       235       
1003       754       
1003       950       
1004       462       
1004       953       
1005       187       
1005       504       
1005       666       
1005       827       
1005       967       
1006       287       
1006       439       
1006       536       
1006       683       
1006       798       
1006       983       
1007       150       
1007       216       
1007       318       
1007       442       
1007       823       
1007       1003      
1008       62        
1009       457       
1009       916       
1010       893       
1011       335       
1012       31        
1012       59        
1012       185       
1012       238       
1013       911       
1014       3         
1014       315       
1014       823       
1015       342       
1015       831       
1015       883       
1015       1002      
1016       439       
1017       82        
1017       86        
1017       167       
1017       208       
1017       364       
1017       1006      
1018       598       
1018       951       
1019       44        
1019       119       
1019       165       
1019       311       
1019       386       
1019       408       
1019       486       
1019       854       
1019       926       
1020       161       
1020       175       
1020       189       
1020       1007      
1021       40        
1021       350       
1021       683       
1021       786       
1021       810       
1021       968       
1022       153       
1022       319       
1022       371       
1022       649       
1022       706       
1023       66        
1023       180       
1023       296       
1023       305       
1023       319       
1023       386       
1023       747       
1023       807       
1023       908       
1023       923       
1023       970       
1023       1018      
