1          662       
2          227       
2          756       
3          85        
3          380       
3          458       
4          478       
5          724       
6          465       
6          668       
7          66        
7          508       
7          728       
8          214       
10         725       
10         766       
11         508       
11         623       
11         973       
12         462       
13         786       
14         688       
14         728       
16         1007      
17         121       
17         200       
17         484       
18         642       
19         830       
21         78        
21         604       
21         674       
23         100       
23         437       
23         886       
24         477       
25         118       
25         542       
26         30        
26         231       
27         409       
27         572       
27         656       
27         657       
27         980       
28         618       
29         202       
29         251       
29         589       
31         82        
31         724       
32         103       
32         946       
33         213       
33         319       
33         693       
34         218       
35         500       
35         532       
35         1012      
36         49        
39         470       
40         631       
41         102       
41         510       
42         84        
42         86        
42         249       
42         354       
42         1020      
43         108       
43         477       
43         925       
44         468       
46         890       
46         977       
48         756       
49         76        
49         739       
50         228       
50         944       
51         484       
52         537       
52         757       
55         758       
56         234       
56         501       
56         726       
56         932       
56         1021      
57         923       
60         218       
60         234       
60         282       
60         643       
62         233       
64         151       
64         214       
64         474       
64         538       
65         134       
65         223       
66         666       
68         443       
68         483       
68         666       
69         678       
69         923       
70         196       
70         784       
71         452       
72         698       
74         220       
74         660       
76         336       
78         115       
78         765       
79         440       
80         412       
80         430       
80         484       
80         962       
82         660       
84         106       
85         206       
87         952       
88         923       
90         176       
90         193       
90         389       
90         795       
91         212       
91         724       
93         523       
93         882       
93         914       
94         280       
94         656       
95         602       
95         1012      
96         453       
97         134       
98         726       
98         764       
98         1013      
99         248       
99         519       
99         923       
101        662       
101        954       
103        134       
104        532       
104        572       
104        882       
104        927       
105        487       
105        623       
106        182       
107        627       
107        843       
108        499       
108        955       
109        196       
109        880       
110        1009      
111        317       
111        713       
111        954       
114        137       
116        682       
116        944       
118        183       
119        928       
120        436       
121        586       
122        943       
125        385       
127        737       
128        630       
128        824       
129        503       
129        589       
129        758       
130        159       
130        730       
131        93        
131        478       
131        550       
131        756       
132        209       
132        872       
133        255       
133        695       
134        69        
134        196       
134        594       
135        376       
136        70        
136        146       
136        159       
136        207       
136        463       
136        792       
137        366       
138        588       
138        653       
138        974       
139        197       
139        212       
140        250       
140        728       
140        766       
140        773       
141        218       
141        786       
142        656       
142        980       
144        228       
144        735       
145        86        
145        639       
147        14        
147        836       
148        218       
148        963       
149        272       
149        836       
151        454       
152        606       
153        104       
153        735       
155        201       
155        726       
156        587       
156        596       
159        143       
160        1006      
161        1010      
162        112       
162        560       
162        964       
163        53        
163        315       
163        405       
163        436       
163        982       
165        882       
166        647       
166        882       
167        341       
168        30        
168        246       
168        447       
168        563       
169        668       
169        876       
170        254       
170        624       
171        860       
172        381       
172        426       
172        928       
173        242       
173        418       
174        496       
174        801       
174        836       
175        1017      
177        471       
177        501       
177        625       
177        1019      
178        758       
178        892       
179        477       
182        188       
182        624       
183        453       
183        567       
183        884       
184        332       
185        69        
185        241       
185        460       
185        626       
186        244       
186        502       
186        700       
186        780       
188        58        
188        536       
189        90        
190        508       
190        558       
192        181       
192        277       
192        836       
193        972       
195        84        
195        596       
196        222       
196        706       
196        914       
196        930       
198        816       
199        517       
200        266       
202        464       
202        522       
202        895       
203        312       
203        343       
203        378       
203        468       
203        613       
203        660       
203        923       
207        645       
208        95        
208        133       
208        207       
208        1010      
209        188       
209        662       
211        167       
211        519       
212        286       
215        720       
215        930       
216        923       
217        912       
218        246       
218        520       
219        143       
219        212       
220        442       
220        1006      
221        448       
222        778       
223        442       
223        528       
224        58        
224        625       
224        684       
224        693       
224        1009      
225        661       
225        750       
225        783       
226        828       
227        5         
227        388       
227        498       
227        846       
228        638       
230        74        
230        103       
230        921       
232        766       
233        823       
233        1022      
234        702       
235        200       
235        797       
235        996       
235        1021      
238        407       
238        496       
238        658       
238        764       
238        917       
239        169       
239        742       
239        748       
239        978       
240        254       
240        432       
240        450       
240        564       
241        614       
242        409       
243        764       
243        869       
244        708       
245        720       
247        788       
248        54        
248        253       
248        255       
248        983       
249        141       
250        12        
250        62        
250        254       
251        76        
251        441       
251        475       
251        540       
252        366       
252        424       
253        377       
255        104       
255        188       
256        495       
257        978       
258        212       
258        858       
258        942       
258        976       
258        988       
259        505       
262        352       
262        374       
262        412       
262        472       
262        861       
262        989       
264        351       
264        904       
264        983       
265        502       
266        180       
266        726       
267        433       
267        468       
268        130       
268        470       
268        734       
270        592       
270        959       
271        977       
271        984       
271        1013      
272        714       
273        148       
273        823       
275        70        
275        260       
276        434       
277        474       
278        232       
278        364       
278        476       
280        83        
280        863       
280        983       
281        280       
281        460       
281        498       
281        734       
281        943       
282        324       
282        957       
283        739       
283        808       
283        967       
283        1002      
285        194       
286        24        
286        466       
286        790       
286        900       
287        362       
288        327       
289        722       
290        726       
290        784       
291        892       
291        917       
291        960       
295        812       
296        325       
296        380       
296        503       
296        577       
297        498       
298        497       
299        912       
300        112       
300        162       
300        351       
300        473       
302        743       
302        876       
302        922       
305        750       
305        831       
306        474       
306        996       
306        1021      
307        241       
307        292       
308        978       
309        198       
309        968       
312        878       
313        126       
314        188       
315        560       
315        789       
315        860       
315        1018      
317        502       
317        752       
317        946       
318        372       
318        844       
318        952       
320        406       
320        469       
320        1008      
322        336       
322        708       
322        908       
323        845       
324        514       
324        629       
325        433       
325        915       
326        405       
326        820       
326        921       
327        21        
327        192       
328        150       
328        408       
328        846       
328        914       
328        926       
329        479       
329        718       
329        909       
329        910       
330        228       
330        909       
330        936       
331        410       
331        468       
333        553       
334        327       
334        385       
334        928       
334        974       
335        157       
335        709       
336        366       
336        669       
336        982       
338        406       
339        940       
339        999       
341        486       
342        369       
342        508       
344        117       
344        205       
344        254       
344        300       
345        403       
346        302       
346        396       
346        405       
346        469       
346        701       
347        948       
348        240       
348        803       
348        900       
350        414       
351        198       
351        410       
351        922       
352        44        
352        1023      
354        356       
354        510       
354        683       
354        788       
356        464       
358        444       
358        568       
359        884       
360        435       
360        830       
361        858       
362        190       
362        213       
362        244       
362        464       
362        516       
363        369       
364        446       
365        634       
366        50        
366        822       
366        952       
366        1005      
367        189       
367        440       
367        501       
368        6         
369        247       
370        304       
370        748       
370        1006      
371        996       
372        407       
374        825       
374        908       
375        950       
378        158       
378        564       
378        894       
378        1016      
379        872       
379        886       
380        344       
380        502       
380        695       
380        958       
381        482       
382        768       
382        796       
382        800       
383        721       
383        832       
384        223       
385        452       
385        469       
386        468       
387        74        
388        186       
388        593       
388        1022      
390        320       
390        464       
391        81        
391        370       
392        174       
392        706       
393        266       
393        920       
394        209       
394        470       
394        787       
394        855       
394        1012      
395        719       
395        756       
395        767       
397        465       
398        6         
398        84        
398        177       
398        466       
398        517       
398        538       
398        985       
399        240       
399        266       
399        328       
399        339       
399        497       
399        966       
400        3         
400        476       
400        495       
401        158       
401        490       
402        689       
402        717       
402        964       
403        1010      
405        854       
406        168       
406        373       
406        925       
406        977       
408        324       
409        478       
409        479       
409        708       
409        710       
409        732       
409        959       
410        476       
410        500       
410        965       
411        852       
412        123       
412        404       
413        94        
415        401       
415        473       
415        928       
417        243       
417        695       
417        798       
417        830       
417        1013      
418        182       
418        757       
418        809       
418        884       
419        437       
419        757       
420        426       
421        466       
421        929       
421        987       
421        1014      
422        688       
422        849       
423        817       
424        381       
424        435       
424        503       
425        202       
425        903       
425        959       
425        999       
426        116       
426        396       
426        484       
426        788       
426        792       
427        48        
427        276       
427        337       
427        413       
427        496       
427        748       
427        877       
427        1018      
428        863       
429        242       
430        120       
430        369       
430        808       
431        277       
431        794       
432        510       
433        615       
434        496       
435        916       
436        240       
437        128       
437        951       
438        338       
438        370       
438        624       
438        760       
439        181       
439        464       
439        610       
439        1012      
440        82        
440        698       
440        990       
440        1002      
441        1023      
442        324       
442        492       
443        127       
443        218       
443        468       
444        38        
444        865       
445        413       
445        510       
445        1022      
446        689       
446        882       
447        1016      
448        164       
449        148       
449        574       
449        662       
449        979       
450        305       
452        101       
453        707       
456        284       
456        327       
456        776       
456        786       
456        831       
457        288       
457        292       
457        695       
457        776       
457        1003      
458        151       
458        639       
458        918       
459        20        
459        284       
459        304       
459        374       
459        602       
460        1010      
461        307       
461        714       
461        991       
462        128       
463        384       
463        913       
464        546       
464        1012      
465        326       
465        990       
466        774       
467        885       
467        918       
470        387       
471        309       
473        127       
473        958       
474        580       
474        812       
475        269       
475        321       
475        917       
475        980       
476        470       
476        900       
479        792       
479        921       
479        962       
480        759       
480        814       
481        934       
482        50        
482        730       
483        246       
483        291       
483        368       
483        412       
483        435       
483        823       
483        882       
483        948       
484        281       
484        598       
484        914       
484        918       
485        821       
486        172       
486        352       
486        1001      
487        421       
488        233       
488        566       
488        845       
489        102       
489        461       
489        686       
490        180       
490        405       
490        1012      
491        245       
491        254       
491        414       
491        803       
491        924       
491        956       
492        870       
494        180       
495        440       
495        490       
495        500       
495        766       
496        790       
496        912       
496        926       
499        164       
499        838       
499        916       
504        444       
506        986       
506        1009      
507        391       
508        578       
508        980       
509        296       
509        570       
510        73        
512        67        
512        727       
513        726       
514        245       
514        508       
514        804       
514        983       
516        18        
517        78        
518        466       
518        664       
519        155       
520        396       
520        471       
521        276       
521        434       
521        583       
521        967       
522        222       
522        224       
522        469       
522        916       
523        904       
524        144       
524        330       
524        469       
524        500       
525        627       
525        839       
526        503       
526        717       
527        393       
527        636       
527        716       
527        728       
527        944       
528        980       
529        338       
529        343       
530        214       
530        989       
531        860       
532        978       
533        226       
533        484       
533        855       
534        748       
534        910       
535        288       
535        472       
536        72        
536        200       
536        350       
536        458       
536        898       
536        983       
536        1022      
537        230       
538        798       
539        410       
539        973       
539        982       
540        857       
540        985       
541        123       
542        219       
542        472       
542        888       
543        713       
543        761       
543        922       
544        85        
544        247       
544        754       
546        244       
546        566       
546        998       
546        1012      
547        509       
547        1020      
549        134       
549        951       
550        468       
550        732       
550        736       
550        868       
551        354       
551        1010      
552        638       
553        442       
553        997       
554        244       
554        450       
554        473       
554        688       
554        727       
554        978       
555        685       
555        932       
555        1020      
556        480       
557        760       
561        488       
561        758       
562        997       
563        225       
563        440       
563        714       
563        1012      
564        754       
564        866       
565        562       
565        851       
566        755       
567        419       
568        242       
568        439       
568        446       
568        566       
569        792       
570        240       
570        474       
570        1021      
571        756       
572        343       
572        590       
575        936       
575        983       
575        998       
577        85        
577        279       
578        149       
578        670       
578        741       
578        918       
579        582       
579        652       
580        402       
581        667       
581        754       
582        89        
584        219       
585        146       
585        654       
586        20        
586        288       
586        604       
586        644       
586        664       
586        778       
586        841       
587        142       
587        252       
587        483       
588        731       
589        373       
589        649       
591        660       
592        710       
593        450       
594        132       
594        189       
594        196       
595        128       
595        577       
595        693       
595        916       
595        989       
597        194       
598        192       
598        400       
598        1018      
599        528       
600        390       
600        861       
601        728       
602        129       
602        143       
602        732       
602        919       
603        436       
603        553       
603        669       
603        711       
605        718       
605        855       
606        406       
609        94        
611        948       
612        949       
612        1013      
613        557       
613        604       
613        684       
616        158       
616        174       
616        295       
616        753       
617        502       
617        691       
617        853       
618        657       
619        136       
619        468       
619        549       
619        572       
619        852       
621        696       
622        988       
623        25        
625        690       
625        746       
626        216       
626        294       
626        318       
626        1012      
627        38        
627        292       
627        456       
627        676       
628        506       
629        178       
632        509       
632        958       
633        991       
634        418       
635        284       
635        893       
635        993       
636        650       
637        922       
637        1006      
638        30        
638        192       
640        336       
640        605       
640        658       
640        671       
640        934       
641        586       
641        726       
641        759       
642        741       
642        960       
642        982       
643        84        
643        885       
644        464       
644        552       
644        730       
644        850       
644        912       
645        349       
645        658       
646        66        
646        217       
646        225       
646        466       
646        770       
646        880       
647        83        
647        241       
647        248       
647        553       
647        960       
648        342       
648        654       
648        662       
648        852       
649        196       
650        124       
650        218       
650        252       
650        605       
650        638       
651        64        
651        349       
651        766       
651        869       
651        925       
652        454       
652        457       
652        747       
652        976       
654        755       
654        896       
655        692       
655        858       
655        860       
656        260       
658        276       
658        591       
659        479       
659        609       
659        706       
660        81        
660        750       
660        790       
660        1011      
661        318       
661        468       
661        861       
662        70        
662        216       
662        925       
662        951       
663        537       
664        281       
664        950       
665        370       
666        117       
666        845       
666        948       
667        213       
667        317       
669        251       
669        455       
669        458       
669        578       
669        1016      
670        117       
670        636       
670        714       
671        200       
671        464       
671        509       
671        725       
673        118       
673        220       
673        994       
674        309       
674        870       
674        1004      
675        82        
675        117       
675        352       
675        364       
675        593       
677        151       
677        220       
678        852       
678        940       
679        650       
679        995       
680        475       
680        482       
680        561       
680        607       
680        650       
681        44        
681        894       
681        923       
682        365       
682        726       
682        734       
682        749       
682        752       
682        928       
682        951       
683        104       
683        236       
683        1004      
684        946       
685        98        
685        670       
686        85        
686        245       
686        635       
686        756       
687        345       
687        713       
687        740       
688        742       
689        223       
689        950       
690        260       
690        844       
690        962       
691        452       
692        566       
692        836       
692        1022      
693        299       
694        879       
695        145       
695        499       
695        855       
696        110       
696        1021      
697        244       
697        550       
697        679       
698        108       
698        252       
698        511       
698        613       
698        636       
699        420       
699        766       
700        502       
700        1018      
701        120       
701        595       
702        732       
702        988       
703        165       
703        253       
703        1016      
704        476       
705        376       
706        20        
706        132       
706        140       
707        793       
710        216       
712        64        
712        158       
712        176       
712        596       
712        750       
713        30        
713        431       
713        743       
714        389       
714        456       
714        734       
714        798       
714        921       
715        397       
715        500       
715        955       
716        750       
718        71        
718        162       
718        924       
719        288       
719        536       
719        785       
719        819       
720        404       
720        436       
721        359       
722        209       
722        345       
722        481       
722        892       
723        128       
723        164       
723        377       
723        535       
723        694       
723        733       
723        932       
724        948       
725        748       
727        266       
727        994       
728        778       
729        48        
729        274       
729        406       
729        759       
730        500       
730        772       
730        856       
730        878       
731        414       
731        669       
732        1         
732        201       
732        251       
733        899       
734        258       
734        528       
735        80        
735        988       
736        561       
736        725       
736        947       
738        285       
738        956       
738        1023      
739        565       
740        382       
740        992       
741        567       
741        902       
742        336       
742        387       
742        885       
743        634       
743        979       
745        180       
745        247       
745        698       
745        748       
745        826       
745        988       
746        63        
746        69        
746        428       
746        738       
746        854       
747        56        
747        956       
748        563       
748        650       
749        38        
749        678       
750        427       
750        560       
751        57        
752        156       
752        446       
752        790       
753        822       
755        52        
755        148       
755        218       
756        318       
756        876       
757        955       
757        996       
759        429       
760        402       
760        626       
761        262       
761        682       
761        740       
761        935       
762        60        
762        400       
763        188       
763        229       
763        630       
763        700       
765        446       
766        184       
766        694       
767        18        
767        933       
768        487       
768        832       
769        370       
769        407       
770        320       
770        757       
770        965       
771        365       
771        746       
771        818       
771        919       
772        66        
772        140       
772        467       
772        967       
773        246       
773        471       
773        488       
774        416       
775        206       
775        912       
777        175       
777        466       
777        637       
777        771       
777        798       
778        1014      
778        1023      
779        80        
779        840       
780        209       
780        414       
781        242       
781        478       
782        192       
782        979       
783        920       
783        1017      
785        454       
785        470       
785        644       
786        466       
786        468       
787        200       
787        245       
787        257       
787        728       
789        214       
790        892       
791        92        
792        438       
792        453       
792        461       
792        785       
792        911       
793        258       
793        661       
794        244       
794        401       
794        439       
794        445       
794        448       
794        474       
796        338       
796        371       
796        727       
798        69        
798        185       
798        592       
798        832       
798        1011      
801        465       
801        832       
801        967       
802        497       
803        353       
803        1014      
805        983       
805        1010      
806        92        
806        336       
806        966       
807        107       
807        432       
807        848       
807        994       
808        94        
808        413       
808        510       
809        236       
809        484       
809        504       
809        726       
809        754       
809        1018      
810        422       
810        621       
810        660       
810        924       
811        410       
811        759       
811        859       
811        974       
812        19        
812        130       
812        214       
812        952       
814        655       
814        812       
814        822       
814        904       
814        1010      
815        792       
815        910       
816        340       
816        606       
817        126       
818        566       
818        996       
819        724       
819        981       
820        502       
820        987       
820        992       
821        50        
821        261       
822        1004      
823        465       
824        462       
824        637       
825        621       
826        106       
826        502       
827        372       
827        462       
827        637       
827        692       
828        464       
828        538       
829        480       
829        752       
829        974       
829        1022      
830        449       
830        749       
831        882       
831        952       
831        984       
833        917       
834        964       
834        978       
835        660       
835        917       
838        352       
838        933       
839        408       
839        985       
840        783       
840        900       
841        196       
841        451       
841        475       
842        452       
842        482       
842        695       
842        706       
842        812       
842        849       
843        278       
843        764       
843        850       
843        944       
844        268       
844        733       
845        370       
846        508       
846        854       
846        905       
846        1012      
847        402       
847        471       
847        672       
847        794       
848        176       
848        183       
848        502       
849        433       
850        434       
850        670       
851        1014      
852        273       
853        980       
854        387       
854        400       
854        449       
855        33        
855        473       
856        384       
856        924       
856        925       
857        383       
859        221       
859        860       
859        898       
859        916       
859        919       
860        211       
860        228       
861        142       
861        770       
862        480       
862        554       
862        705       
863        398       
863        593       
863        661       
864        662       
864        824       
864        873       
864        926       
866        381       
866        400       
866        487       
867        433       
867        948       
869        368       
869        992       
871        48        
871        369       
872        372       
872        822       
873        439       
873        747       
873        810       
873        943       
874        381       
874        823       
874        876       
875        188       
875        802       
876        952       
877        679       
878        284       
878        441       
878        810       
878        843       
878        936       
879        485       
879        746       
879        945       
880        38        
880        392       
880        402       
881        498       
881        671       
882        984       
882        1009      
883        165       
883        424       
883        895       
883        1022      
884        240       
884        864       
886        242       
887        699       
888        406       
888        822       
888        906       
889        162       
889        542       
889        911       
890        661       
891        501       
891        545       
893        379       
893        682       
893        942       
894        501       
894        944       
894        997       
895        369       
895        999       
896        194       
896        496       
897        510       
897        618       
898        406       
898        480       
899        388       
899        833       
899        946       
900        90        
900        720       
900        832       
901        342       
901        898       
902        69        
902        348       
902        635       
902        788       
903        452       
903        482       
903        626       
904        214       
904        990       
904        1014      
905        622       
905        888       
905        988       
905        1022      
906        306       
906        413       
906        474       
907        68        
907        344       
907        355       
907        476       
907        775       
908        396       
908        497       
908        890       
909        239       
910        698       
911        264       
911        372       
911        473       
912        628       
912        982       
912        988       
913        278       
913        466       
913        467       
913        858       
913        980       
913        998       
914        337       
914        341       
914        402       
914        444       
915        212       
915        992       
916        337       
917        198       
917        479       
918        832       
918        922       
918        937       
919        393       
919        473       
919        494       
919        517       
919        976       
920        497       
920        894       
921        328       
921        838       
921        869       
921        1000      
922        84        
922        390       
922        422       
922        477       
923        116       
923        284       
923        404       
923        461       
923        664       
923        724       
923        798       
923        844       
923        973       
923        988       
924        883       
924        978       
925        479       
925        975       
925        989       
926        958       
926        1002      
927        488       
927        724       
927        788       
927        974       
928        800       
928        838       
929        229       
929        278       
929        450       
929        615       
930        203       
930        496       
930        762       
930        1006      
931        453       
931        761       
931        860       
931        966       
932        323       
932        336       
932        950       
933        754       
934        872       
934        885       
935        656       
936        701       
936        980       
937        508       
937        510       
937        915       
937        1007      
938        698       
938        811       
938        825       
938        889       
938        949       
939        751       
939        756       
939        997       
940        112       
940        1015      
941        474       
941        1018      
942        382       
943        248       
943        296       
943        372       
943        638       
943        959       
944        4         
945        252       
945        302       
946        992       
947        472       
947        884       
947        902       
947        996       
947        1010      
947        1011      
949        323       
949        368       
950        104       
950        129       
951        417       
953        339       
953        503       
953        1002      
954        19        
954        458       
954        496       
955        110       
955        270       
955        864       
955        889       
956        950       
956        1017      
957        355       
957        552       
957        872       
958        440       
958        720       
959        753       
960        804       
960        983       
960        1023      
961        54        
961        406       
962        130       
962        276       
962        340       
962        694       
962        773       
963        81        
963        279       
963        468       
963        529       
963        900       
963        912       
965        59        
965        259       
966        29        
968        589       
968        622       
968        851       
968        919       
968        927       
969        262       
970        419       
970        673       
970        891       
970        902       
971        284       
971        476       
971        797       
972        290       
972        762       
972        986       
973        774       
973        920       
974        795       
975        410       
975        952       
976        7         
977        276       
977        406       
977        662       
977        663       
978        272       
978        564       
978        662       
978        1007      
979        450       
980        392       
980        659       
980        686       
981        19        
981        311       
981        904       
981        970       
981        1022      
982        516       
982        825       
983        272       
983        432       
983        506       
984        348       
984        911       
985        254       
985        470       
985        1014      
986        335       
987        349       
987        394       
987        703       
987        964       
988        142       
988        984       
990        86        
990        782       
991        390       
991        923       
992        1003      
993        304       
993        414       
993        534       
994        60        
995        272       
995        292       
995        463       
995        1013      
996        58        
996        178       
996        381       
996        893       
996        966       
996        994       
997        563       
998        308       
998        954       
999        932       
1000       276       
1000       349       
1000       440       
1000       658       
1001       339       
1001       948       
1001       956       
1002       42        
1003       148       
1004       278       
1004       537       
1004       892       
1004       985       
1005       607       
1005       818       
1006       190       
1007       31        
1007       164       
1007       170       
1007       505       
1007       788       
1008       627       
1009       406       
1009       418       
1009       854       
1010       108       
1010       336       
1010       702       
1010       902       
1011       1001      
1012       736       
1013       449       
1014       420       
1015       742       
1015       917       
1016       270       
1016       502       
1016       615       
1016       676       
1017       93        
1017       510       
1017       771       
1017       816       
1017       862       
1017       950       
1018       24        
1018       501       
1018       620       
1019       412       
1019       854       
1020       394       
1020       418       
1020       486       
1020       558       
1020       767       
1021       149       
1021       491       
1022       264       
1022       308       
1022       650       
1023       376       
