0          233       
0          514       
0          578       
0          944       
0          1011      
1          558       
1          680       
1          681       
2          126       
2          144       
2          312       
2          420       
2          706       
3          382       
5          285       
5          517       
5          757       
6          608       
6          612       
6          727       
8          356       
8          609       
8          726       
8          856       
8          1000      
9          157       
9          766       
9          1003      
10         2         
10         522       
10         564       
10         728       
10         918       
11         552       
11         665       
11         803       
12         712       
12         829       
12         886       
13         93        
13         197       
13         744       
13         893       
14         271       
14         502       
14         798       
15         91        
15         479       
15         879       
16         134       
16         748       
16         972       
16         978       
16         1000      
17         112       
17         193       
17         465       
17         577       
18         633       
18         838       
19         91        
19         148       
20         990       
21         140       
21         364       
22         574       
22         759       
23         581       
23         606       
23         978       
24         86        
24         117       
24         842       
24         905       
25         89        
25         336       
25         425       
25         1020      
26         336       
26         850       
27         225       
27         404       
27         635       
27         636       
28         210       
29         102       
29         474       
29         877       
30         500       
30         548       
30         780       
30         1007      
31         11        
31         166       
31         754       
32         722       
33         626       
33         956       
34         806       
35         131       
35         171       
35         321       
35         1018      
36         52        
36         244       
36         630       
36         631       
36         1006      
37         117       
37         501       
37         579       
37         685       
38         101       
38         598       
38         630       
38         634       
38         742       
38         906       
39         485       
40         74        
40         97        
40         870       
40         884       
40         893       
40         972       
41         121       
41         125       
42         58        
42         283       
42         1019      
43         998       
44         17        
44         132       
44         534       
44         990       
45         54        
45         558       
45         1005      
46         350       
46         751       
47         31        
47         44        
47         708       
48         29        
48         112       
48         851       
48         872       
49         945       
49         997       
50         820       
51         802       
52         753       
52         821       
52         876       
53         373       
54         615       
54         743       
56         216       
56         560       
56         628       
56         631       
56         632       
56         673       
56         744       
57         443       
57         449       
58         56        
59         750       
59         1001      
60         727       
60         756       
61         53        
61         94        
61         117       
61         735       
61         1021      
62         736       
63         588       
64         53        
64         82        
64         116       
64         129       
64         194       
64         386       
64         488       
64         612       
65         224       
65         724       
65         795       
66         433       
66         442       
66         674       
66         832       
66         925       
67         559       
67         887       
68         256       
68         522       
68         688       
68         849       
69         230       
69         593       
70         254       
70         698       
70         726       
71         339       
71         426       
71         636       
71         687       
72         8         
72         281       
72         445       
72         760       
72         888       
72         972       
73         16        
73         160       
73         611       
74         285       
75         246       
75         541       
75         737       
75         779       
75         897       
75         921       
75         967       
76         87        
76         404       
76         578       
76         740       
76         828       
76         872       
76         1021      
77         141       
77         214       
77         581       
77         652       
77         685       
78         222       
78         282       
78         448       
78         486       
78         727       
79         41        
79         272       
79         290       
79         518       
79         533       
79         758       
79         976       
80         265       
80         304       
80         369       
80         422       
80         603       
80         776       
80         848       
80         962       
81         465       
81         749       
81         922       
81         963       
82         262       
82         443       
82         704       
82         752       
83         68        
83         457       
83         641       
84         477       
84         655       
85         80        
85         113       
85         318       
85         621       
86         214       
86         404       
86         613       
86         642       
86         661       
86         721       
86         756       
86         781       
86         935       
87         285       
87         583       
88         94        
88         593       
88         626       
88         728       
88         765       
88         885       
88         898       
89         226       
90         36        
90         268       
90         504       
90         511       
90         592       
90         641       
90         690       
90         720       
90         889       
91         747       
92         9         
92         180       
92         524       
92         538       
92         574       
92         765       
92         876       
93         157       
93         264       
93         438       
93         693       
93         797       
93         835       
93         836       
93         903       
94         700       
94         809       
95         797       
95         852       
96         32        
96         160       
96         701       
96         736       
97         475       
97         561       
97         593       
97         754       
97         866       
98         150       
98         576       
99         233       
99         340       
99         526       
99         722       
100        22        
100        93        
100        269       
100        420       
100        527       
100        661       
100        680       
100        700       
100        757       
101        45        
101        452       
101        665       
101        700       
101        753       
101        956       
102        350       
102        718       
102        945       
103        55        
103        318       
103        567       
104        228       
104        448       
104        722       
104        885       
104        1018      
105        73        
105        114       
105        122       
105        873       
105        953       
106        136       
106        362       
106        777       
107        163       
107        545       
107        843       
107        984       
108        140       
108        177       
108        253       
108        474       
108        532       
108        735       
108        943       
108        998       
109        234       
109        461       
110        626       
110        950       
111        846       
112        336       
112        510       
112        610       
112        736       
112        882       
113        281       
113        499       
113        579       
113        656       
113        929       
114        570       
114        744       
114        747       
115        487       
115        844       
116        437       
116        983       
118        506       
118        862       
118        945       
118        974       
119        573       
119        749       
120        363       
120        378       
120        704       
120        787       
120        944       
121        146       
122        474       
122        518       
122        631       
122        667       
122        698       
122        868       
123        67        
123        292       
123        541       
123        737       
124        100       
124        213       
124        794       
124        833       
124        903       
124        916       
125        190       
125        510       
125        717       
125        724       
125        745       
125        974       
126        154       
126        551       
127        102       
128        816       
128        857       
129        27        
129        347       
129        405       
129        627       
129        848       
130        113       
130        884       
130        978       
131        235       
131        326       
131        849       
132        309       
132        460       
132        764       
133        195       
133        325       
133        943       
134        548       
134        1006      
135        742       
135        838       
135        871       
136        53        
136        57        
136        149       
136        600       
136        666       
136        712       
136        968       
137        711       
138        204       
138        583       
138        922       
138        973       
139        320       
139        517       
140        29        
140        198       
140        916       
140        948       
141        767       
141        781       
141        1022      
142        26        
142        96        
142        351       
143        67        
143        606       
143        639       
144        211       
144        786       
144        976       
145        673       
146        603       
146        930       
147        107       
147        767       
148        22        
148        165       
148        196       
148        541       
149        68        
149        76        
149        78        
149        686       
149        729       
150        236       
150        309       
150        834       
151        39        
151        251       
151        271       
151        545       
151        598       
151        655       
151        662       
151        735       
152        181       
152        349       
152        838       
153        529       
153        665       
153        776       
153        819       
153        856       
153        873       
154        18        
154        27        
154        64        
154        196       
154        578       
154        642       
155        86        
155        630       
155        722       
155        830       
155        853       
156        264       
157        696       
157        920       
157        991       
158        334       
158        583       
158        712       
159        131       
159        287       
159        556       
159        725       
160        362       
160        640       
160        833       
161        115       
161        120       
161        577       
161        629       
161        969       
162        354       
162        610       
162        624       
163        2         
163        75        
163        610       
164        548       
164        566       
164        932       
165        453       
167        727       
168        72        
168        120       
168        400       
168        409       
168        616       
168        840       
169        689       
169        975       
170        736       
170        865       
170        878       
171        334       
171        610       
171        857       
171        904       
172        193       
172        366       
172        564       
172        620       
172        634       
172        892       
172        944       
173        271       
173        605       
173        640       
174        53        
174        344       
174        575       
174        583       
174        866       
175        52        
175        219       
175        613       
175        998       
176        50        
176        602       
176        808       
177        1008      
178        570       
178        780       
178        994       
179        178       
179        273       
179        704       
179        755       
179        762       
180        766       
180        870       
180        950       
181        1013      
182        631       
183        20        
183        374       
183        992       
184        378       
184        664       
184        682       
184        784       
184        825       
184        842       
184        996       
184        1008      
185        69        
185        564       
185        625       
185        633       
186        98        
186        314       
186        657       
186        1018      
187        219       
188        28        
188        101       
188        700       
188        762       
188        837       
189        61        
189        574       
189        631       
189        857       
190        168       
190        506       
190        514       
190        892       
190        1005      
191        62        
191        525       
191        700       
192        72        
192        220       
192        452       
192        532       
192        600       
192        849       
192        960       
192        995       
193        218       
193        889       
194        188       
194        577       
194        843       
194        926       
195        470       
195        538       
195        819       
196        36        
196        341       
196        346       
196        351       
196        424       
197        56        
197        85        
197        337       
198        228       
198        366       
198        421       
198        528       
198        799       
199        77        
199        342       
199        551       
199        926       
200        72        
200        80        
200        530       
200        537       
200        748       
200        768       
200        932       
200        948       
201        97        
201        121       
201        149       
201        219       
201        568       
201        585       
201        705       
201        861       
201        867       
201        893       
202        282       
202        341       
202        556       
202        572       
202        872       
203        89        
203        128       
203        330       
203        456       
203        527       
203        843       
203        845       
203        1003      
204        69        
204        128       
204        220       
204        318       
204        340       
204        368       
204        796       
204        799       
204        845       
204        889       
204        893       
204        924       
205        335       
205        731       
206        60        
206        68        
206        190       
206        218       
206        350       
206        558       
206        614       
206        873       
206        909       
207        10        
207        46        
207        52        
207        89        
207        639       
208        569       
208        608       
208        714       
208        819       
208        833       
208        856       
209        95        
209        168       
209        192       
209        273       
209        640       
209        658       
209        969       
210        80        
210        875       
211        65        
211        215       
211        427       
211        537       
211        563       
211        603       
212        236       
212        548       
212        663       
212        802       
212        853       
212        893       
213        20        
213        151       
213        276       
213        284       
213        385       
213        561       
213        596       
213        828       
214        26        
214        89        
214        199       
214        541       
215        511       
216        64        
216        276       
216        328       
216        442       
216        480       
216        606       
216        608       
216        657       
217        345       
217        720       
217        745       
217        977       
218        0         
218        521       
218        731       
219        23        
219        146       
219        536       
219        598       
219        675       
219        826       
219        862       
220        165       
220        314       
220        333       
220        526       
220        576       
220        587       
220        605       
220        812       
220        986       
221        29        
221        332       
221        604       
221        788       
221        871       
222        94        
222        357       
222        381       
222        588       
222        590       
222        602       
222        679       
222        799       
223        590       
223        711       
223        737       
224        329       
224        642       
224        644       
224        725       
224        914       
224        1012      
225        20        
225        32        
225        882       
227        657       
227        797       
228        204       
228        320       
228        373       
228        374       
228        485       
228        557       
228        613       
228        693       
228        903       
229        505       
229        669       
230        236       
230        740       
231        567       
232        290       
232        382       
232        473       
232        536       
232        600       
232        608       
232        674       
232        776       
232        874       
232        968       
232        992       
233        9         
233        57        
233        97        
233        309       
233        537       
233        881       
233        913       
234        383       
234        520       
234        848       
235        35        
235        328       
235        682       
235        867       
236        28        
236        93        
236        172       
236        892       
237        28        
237        107       
237        145       
237        628       
237        687       
237        717       
238        236       
238        456       
238        562       
238        754       
239        132       
239        174       
239        223       
239        267       
239        801       
240        152       
240        176       
240        304       
240        594       
240        626       
240        628       
240        768       
241        115       
241        609       
241        999       
242        102       
242        338       
242        714       
243        1017      
244        60        
244        566       
244        689       
244        884       
245        45        
245        861       
245        948       
246        502       
246        950       
247        525       
248        82        
248        109       
248        120       
248        560       
248        802       
248        992       
249        251       
249        397       
249        633       
249        801       
250        131       
250        534       
250        572       
250        604       
250        633       
251        93        
251        201       
251        440       
251        731       
251        817       
252        105       
252        1004      
253        372       
254        252       
254        716       
254        789       
255        126       
255        533       
255        784       
256        407       
256        456       
256        708       
256        825       
256        880       
256        886       
256        973       
257        81        
257        600       
257        625       
257        946       
258        66        
258        738       
258        759       
258        802       
258        954       
259        115       
259        371       
259        479       
260        499       
260        968       
260        997       
261        96        
261        325       
261        494       
261        781       
261        856       
262        62        
262        711       
262        790       
263        116       
263        592       
263        713       
263        997       
264        124       
264        448       
264        480       
264        745       
264        786       
264        954       
264        976       
265        333       
265        561       
265        863       
266        336       
266        507       
266        622       
266        698       
267        579       
268        177       
268        319       
268        373       
268        605       
268        620       
268        880       
268        884       
269        69        
269        501       
269        972       
269        993       
270        516       
271        572       
271        724       
271        753       
272        156       
272        229       
272        280       
272        377       
272        644       
272        981       
273        322       
274        312       
274        963       
275        274       
276        264       
276        384       
276        608       
276        740       
277        243       
277        668       
277        723       
278        69        
279        766       
280        75        
280        90        
280        241       
280        761       
280        816       
280        829       
280        880       
280        912       
281        355       
281        456       
281        961       
282        75        
282        832       
283        195       
283        641       
283        840       
284        117       
284        336       
284        479       
284        716       
284        784       
284        845       
284        860       
284        988       
284        1016      
285        193       
285        350       
285        921       
285        963       
286        94        
286        126       
286        157       
286        310       
286        343       
287        69        
287        109       
287        464       
287        767       
287        798       
288        80        
288        320       
288        466       
289        345       
289        673       
289        880       
290        783       
290        960       
291        600       
291        856       
291        912       
292        357       
292        437       
292        567       
292        980       
293        690       
293        877       
294        117       
294        246       
294        528       
294        580       
294        603       
295        314       
295        418       
295        974       
295        978       
296        445       
296        480       
296        852       
296        926       
297        345       
297        457       
297        667       
297        899       
297        937       
297        1017      
298        19        
299        138       
299        309       
299        383       
300        109       
300        173       
300        199       
300        374       
300        422       
300        756       
300        828       
300        837       
300        884       
300        940       
300        988       
301        717       
302        584       
302        671       
302        850       
303        379       
303        423       
303        812       
303        925       
303        999       
304        330       
304        445       
304        628       
304        881       
304        944       
305        626       
306        754       
306        976       
307        478       
308        355       
308        660       
308        752       
308        886       
308        988       
308        1021      
309        181       
309        312       
309        335       
309        725       
309        961       
309        980       
310        16        
310        726       
310        792       
311        140       
311        461       
312        440       
312        457       
312        490       
312        585       
312        761       
312        970       
313        112       
313        361       
313        475       
313        546       
313        773       
314        146       
314        371       
314        640       
314        789       
315        897       
315        923       
315        969       
315        979       
317        885       
318        88        
318        943       
318        976       
319        79        
319        383       
319        501       
319        940       
320        130       
320        293       
320        484       
320        833       
320        844       
320        963       
321        254       
321        403       
321        705       
321        794       
321        863       
322        472       
322        613       
322        739       
322        804       
322        973       
323        136       
323        451       
323        715       
324        146       
324        582       
324        644       
324        774       
324        956       
325        448       
326        286       
326        323       
326        407       
326        798       
327        755       
328        0         
328        251       
328        652       
328        723       
328        792       
328        794       
328        960       
329        185       
329        217       
329        377       
329        411       
329        464       
329        609       
329        656       
329        977       
330        242       
330        256       
330        602       
330        832       
331        95        
331        216       
331        713       
331        971       
332        452       
332        509       
332        550       
332        580       
332        756       
332        837       
332        843       
332        859       
332        911       
333        79        
333        406       
333        438       
333        618       
333        769       
333        772       
333        953       
333        1009      
334        467       
334        493       
334        839       
334        842       
335        168       
335        334       
335        751       
336        73        
336        404       
336        486       
336        584       
336        920       
337        64        
337        278       
337        320       
337        817       
337        841       
337        888       
337        898       
337        972       
338        160       
338        922       
338        970       
339        160       
339        859       
339        946       
340        204       
340        301       
340        464       
340        612       
341        118       
341        837       
342        246       
342        338       
342        343       
342        642       
342        710       
342        903       
343        275       
343        307       
343        453       
343        735       
343        807       
343        850       
344        105       
344        200       
344        349       
344        468       
344        648       
344        750       
344        786       
344        856       
345        114       
345        469       
345        644       
345        696       
345        901       
345        905       
346        432       
346        502       
346        954       
346        976       
347        793       
347        987       
348        458       
348        502       
348        653       
348        920       
349        249       
349        412       
350        452       
350        757       
350        780       
350        800       
351        31        
351        212       
351        780       
351        951       
352        114       
352        496       
352        500       
352        504       
352        520       
352        824       
352        976       
352        990       
353        305       
353        336       
353        913       
353        937       
353        969       
354        411       
354        479       
354        563       
354        976       
355        464       
355        467       
355        929       
355        962       
356        476       
356        574       
356        595       
357        300       
357        356       
357        454       
357        636       
357        685       
357        885       
357        981       
358        118       
358        292       
358        435       
359        375       
360        120       
360        304       
360        531       
360        621       
360        840       
360        944       
361        385       
362        312       
362        873       
362        948       
362        952       
363        171       
363        289       
363        345       
364        243       
364        284       
364        346       
364        452       
364        702       
364        755       
364        782       
364        829       
364        974       
365        508       
365        509       
365        524       
365        573       
365        751       
365        871       
366        192       
366        548       
366        854       
366        878       
367        585       
367        607       
367        637       
367        860       
368        400       
368        680       
368        705       
369        598       
369        790       
369        932       
369        1001      
370        70        
370        268       
371        456       
371        883       
371        960       
372        247       
372        944       
373        323       
373        351       
373        516       
373        817       
373        993       
374        347       
374        624       
375        231       
375        409       
375        415       
375        938       
375        1023      
376        298       
376        326       
376        497       
376        554       
376        1008      
376        1016      
377        208       
377        365       
377        632       
377        739       
377        768       
377        893       
377        977       
378        721       
378        739       
378        860       
378        866       
378        878       
379        641       
379        926       
379        946       
380        230       
380        446       
380        677       
380        772       
380        836       
381        125       
381        748       
381        893       
381        969       
382        748       
382        830       
382        1002      
383        3         
383        8         
383        42        
383        111       
383        341       
383        934       
384        112       
384        226       
384        269       
384        466       
385        87        
385        97        
385        177       
385        326       
385        506       
385        616       
385        714       
386        161       
386        496       
386        840       
386        985       
388        118       
388        847       
389        848       
390        15        
390        86        
390        521       
390        692       
390        836       
390        847       
391        38        
391        836       
391        987       
392        193       
392        496       
392        810       
392        975       
393        561       
393        615       
393        711       
393        848       
393        927       
393        951       
394        280       
394        504       
394        530       
394        923       
395        64        
395        608       
395        890       
396        20        
396        52        
396        84        
396        232       
396        420       
396        991       
396        1018      
397        67        
397        153       
397        855       
397        856       
397        961       
398        104       
398        264       
398        382       
398        604       
398        782       
398        834       
398        839       
398        851       
398        864       
398        927       
398        973       
399        837       
399        876       
399        878       
400        178       
400        545       
400        657       
400        840       
400        1021      
401        897       
401        960       
401        1008      
402        120       
402        316       
402        986       
403        323       
403        613       
403        947       
404        205       
404        349       
404        390       
404        436       
404        594       
404        976       
405        472       
405        855       
406        368       
407        54        
407        257       
407        461       
407        887       
407        961       
407        984       
407        987       
408        193       
408        345       
408        396       
408        529       
408        842       
409        269       
409        689       
409        880       
410        258       
410        474       
410        514       
410        842       
411        36        
411        443       
411        819       
411        827       
411        880       
412        312       
412        329       
412        397       
412        517       
412        529       
412        583       
412        645       
413        14        
413        639       
413        687       
413        724       
414        255       
415        151       
415        535       
415        903       
416        172       
416        382       
416        512       
416        525       
416        572       
416        748       
416        848       
416        856       
416        992       
416        1017      
417        250       
417        675       
417        833       
418        706       
418        884       
419        336       
419        337       
419        573       
419        591       
419        870       
420        676       
420        892       
420        974       
421        166       
421        244       
421        340       
421        645       
421        880       
422        102       
422        497       
422        792       
422        854       
423        516       
423        808       
423        836       
423        887       
424        58        
424        196       
424        345       
424        412       
424        840       
424        856       
424        874       
425        96        
425        521       
425        589       
425        610       
425        631       
425        873       
426        50        
426        459       
426        912       
426        999       
427        381       
427        560       
427        867       
428        184       
428        321       
428        346       
428        408       
428        620       
428        716       
428        806       
428        844       
428        885       
429        359       
429        380       
429        460       
430        295       
430        590       
430        620       
430        791       
431        242       
431        603       
431        799       
431        910       
432        408       
432        508       
432        622       
433        432       
433        454       
433        578       
433        853       
433        899       
433        1008      
434        228       
434        657       
434        880       
435        359       
435        837       
436        336       
436        425       
436        619       
436        636       
436        1012      
437        353       
437        533       
437        821       
437        873       
437        945       
438        724       
438        1009      
439        103       
440        729       
440        755       
440        784       
440        873       
442        538       
442        593       
442        938       
442        948       
443        75        
443        177       
443        328       
443        451       
443        587       
443        597       
443        617       
443        635       
444        98        
444        260       
444        365       
444        886       
445        7         
445        365       
445        714       
445        951       
445        981       
446        606       
446        910       
447        455       
447        527       
447        700       
447        985       
448        72        
448        378       
448        472       
448        612       
448        857       
448        941       
448        968       
448        973       
449        96        
449        465       
449        768       
449        843       
450        70        
450        82        
450        193       
450        496       
450        530       
450        635       
450        968       
451        46        
451        121       
451        778       
451        785       
451        1001      
452        84        
452        232       
452        436       
452        592       
452        669       
452        781       
453        28        
453        669       
453        775       
453        986       
454        196       
454        278       
454        424       
454        703       
454        830       
454        951       
455        659       
455        988       
456        120       
456        270       
456        320       
456        454       
456        533       
456        561       
456        668       
456        798       
456        888       
456        932       
457        268       
457        321       
457        408       
457        521       
457        553       
457        760       
457        1001      
458        115       
458        336       
458        454       
458        580       
458        768       
458        897       
458        973       
459        93        
459        197       
459        349       
460        101       
460        693       
460        790       
460        856       
460        988       
460        989       
461        76        
461        207       
461        262       
461        437       
461        493       
461        826       
461        899       
462        22        
462        436       
462        536       
462        683       
462        794       
462        846       
462        861       
462        918       
462        949       
462        950       
463        39        
463        256       
463        300       
463        575       
463        583       
463        597       
463        619       
463        969       
464        83        
464        113       
464        280       
464        916       
465        338       
465        369       
465        816       
465        849       
466        134       
466        140       
466        338       
466        347       
466        408       
466        475       
466        635       
466        771       
466        986       
467        344       
468        70        
468        80        
468        309       
468        532       
468        637       
468        788       
468        822       
468        868       
468        873       
468        973       
469        216       
469        364       
469        602       
469        678       
469        967       
470        28        
470        93        
470        214       
470        304       
470        598       
470        606       
470        686       
470        828       
470        870       
471        19        
472        80        
472        304       
472        338       
472        344       
472        537       
472        538       
472        596       
472        720       
472        904       
472        1018      
472        1023      
473        283       
473        368       
473        560       
473        632       
473        701       
473        733       
473        977       
474        184       
474        296       
474        459       
474        502       
474        529       
474        665       
475        336       
475        715       
475        794       
475        829       
475        854       
475        970       
476        285       
476        556       
476        593       
476        796       
476        916       
476        988       
476        996       
477        20        
477        53        
477        175       
477        571       
477        607       
477        729       
477        779       
477        797       
477        988       
478        26        
478        91        
478        486       
478        614       
478        712       
478        723       
478        772       
479        264       
479        341       
479        579       
479        797       
479        965       
480        160       
480        296       
480        306       
480        320       
480        566       
480        608       
480        641       
480        832       
480        954       
481        108       
481        349       
481        353       
481        427       
481        704       
481        882       
481        919       
481        921       
481        997       
482        82        
482        695       
482        762       
482        802       
482        808       
483        199       
483        531       
483        534       
483        542       
483        565       
484        8         
484        212       
484        254       
484        804       
484        806       
485        38        
485        165       
485        549       
485        569       
485        646       
485        662       
485        758       
485        812       
485        863       
485        945       
485        1007      
486        30        
486        58        
486        360       
486        436       
486        470       
486        711       
486        845       
486        919       
487        355       
487        406       
487        564       
487        711       
487        751       
487        966       
488        56        
488        385       
488        697       
488        744       
488        779       
488        785       
488        884       
488        902       
488        979       
488        1008      
489        331       
489        379       
489        500       
489        705       
489        760       
489        973       
490        120       
490        156       
490        291       
490        548       
490        609       
490        777       
490        886       
490        910       
490        1017      
491        297       
491        331       
491        587       
491        892       
491        1017      
492        84        
492        212       
492        294       
492        471       
492        509       
492        764       
492        766       
492        989       
493        263       
493        301       
493        413       
493        489       
493        860       
493        1021      
494        333       
494        436       
494        542       
494        788       
494        798       
494        878       
494        916       
494        989       
495        173       
495        205       
495        558       
495        564       
495        573       
495        758       
495        851       
495        861       
495        864       
496        100       
496        763       
496        792       
496        1011      
497        273       
497        280       
497        977       
498        277       
498        577       
498        606       
498        664       
498        695       
498        824       
498        922       
499        312       
499        464       
499        474       
499        475       
499        513       
499        823       
500        110       
500        272       
500        310       
500        634       
500        841       
500        893       
501        696       
501        1022      
502        102       
502        167       
502        342       
502        788       
503        383       
503        515       
503        749       
504        104       
504        322       
504        471       
504        562       
504        736       
504        857       
504        894       
504        969       
504        986       
505        155       
505        307       
505        319       
505        588       
505        662       
505        825       
505        1017      
506        254       
506        284       
506        289       
506        828       
506        831       
506        930       
506        946       
506        952       
506        976       
507        292       
507        532       
507        792       
507        802       
508        280       
508        340       
508        436       
508        476       
508        512       
508        588       
509        79        
509        150       
509        157       
509        278       
509        887       
509        983       
510        11        
510        198       
510        310       
510        348       
510        637       
510        813       
510        844       
511        451       
511        462       
511        684       
511        687       
511        702       
511        768       
511        844       
511        861       
511        929       
511        1022      
512        76        
513        154       
513        458       
513        771       
513        992       
514        66        
514        482       
514        585       
515        389       
515        563       
515        618       
516        52        
516        100       
516        342       
516        743       
517        229       
517        382       
517        984       
518        373       
518        390       
518        582       
519        66        
519        652       
519        901       
520        97        
520        915       
520        924       
521        51        
522        336       
522        594       
522        603       
522        904       
522        960       
523        351       
523        906       
523        937       
524        280       
524        309       
524        396       
524        424       
524        452       
524        552       
524        712       
524        781       
524        892       
525        244       
525        669       
525        753       
526        757       
526        975       
527        487       
528        148       
528        215       
528        752       
529        40        
529        921       
530        89        
531        216       
531        642       
532        52        
532        105       
534        322       
534        528       
534        578       
534        616       
534        715       
534        757       
534        919       
535        982       
536        88        
536        766       
537        125       
537        633       
537        890       
538        374       
538        418       
538        670       
539        145       
540        254       
540        796       
540        892       
541        217       
541        523       
541        969       
542        38        
542        153       
543        331       
544        168       
544        528       
545        160       
545        568       
545        627       
545        877       
546        282       
548        238       
548        452       
548        484       
548        542       
548        838       
549        678       
549        764       
549        767       
550        242       
550        935       
552        536       
552        754       
552        882       
553        872       
553        925       
554        17        
554        114       
554        264       
554        674       
554        816       
555        443       
555        480       
555        1006      
556        348       
556        512       
556        536       
557        620       
557        855       
558        159       
558        196       
559        888       
560        424       
560        688       
560        730       
560        864       
561        135       
561        503       
561        761       
562        195       
562        563       
562        600       
563        503       
563        903       
563        977       
564        242       
564        347       
564        588       
564        953       
565        39        
565        119       
565        575       
566        550       
566        982       
567        239       
568        656       
569        64        
569        181       
570        554       
570        588       
570        650       
570        731       
570        763       
571        250       
571        299       
571        433       
572        190       
572        513       
572        731       
572        749       
573        247       
573        332       
573        585       
573        799       
574        111       
576        148       
576        210       
576        622       
576        708       
576        877       
576        972       
577        82        
577        465       
578        550       
579        88        
579        577       
579        699       
579        819       
580        148       
580        164       
580        556       
580        617       
580        662       
580        830       
580        966       
580        982       
581        11        
581        217       
581        523       
581        646       
582        975       
583        82        
583        211       
583        598       
583        599       
583        1021      
584        266       
584        297       
584        542       
584        652       
584        664       
585        215       
585        256       
585        747       
585        856       
585        904       
585        1017      
586        187       
586        188       
586        476       
586        530       
586        590       
586        664       
588        40        
588        108       
588        584       
588        585       
589        149       
589        281       
589        321       
589        515       
589        663       
589        929       
590        12        
590        415       
590        734       
590        778       
591        252       
591        589       
591        614       
591        677       
592        150       
592        228       
592        258       
592        320       
592        345       
592        596       
592        776       
593        432       
593        467       
593        596       
593        601       
593        953       
593        1000      
594        880       
595        243       
595        466       
595        659       
595        695       
596        454       
596        910       
596        972       
596        996       
597        89        
598        85        
598        86        
598        683       
598        695       
599        244       
599        297       
599        596       
600        94        
600        538       
600        764       
601        456       
601        960       
602        34        
602        578       
602        670       
602        726       
602        728       
603        585       
603        987       
604        200       
604        213       
604        613       
604        644       
604        711       
604        877       
605        22        
605        415       
605        860       
605        992       
606        534       
606        592       
608        84        
608        345       
608        554       
608        569       
608        634       
608        696       
608        760       
608        819       
608        856       
611        248       
611        547       
611        555       
612        261       
612        384       
612        607       
612        756       
612        759       
612        827       
612        861       
612        1004      
613        385       
613        541       
613        725       
613        741       
613        911       
614        725       
614        884       
615        28        
616        112       
616        165       
616        224       
616        307       
616        365       
616        686       
616        904       
616        956       
617        175       
617        341       
618        619       
619        139       
619        385       
619        947       
620        44        
620        268       
620        522       
620        829       
620        879       
620        880       
621        152       
621        284       
621        683       
621        728       
622        758       
623        384       
623        767       
624        145       
624        186       
624        201       
624        306       
624        456       
624        536       
624        874       
625        213       
626        227       
627        42        
627        714       
627        753       
627        824       
627        882       
628        492       
628        943       
629        53        
629        304       
630        908       
631        702       
631        727       
632        182       
632        501       
632        528       
632        616       
633        106       
633        143       
633        363       
633        626       
633        656       
633        964       
634        360       
634        496       
634        851       
635        713       
636        213       
636        382       
636        511       
636        692       
636        791       
637        492       
637        577       
637        653       
638        78        
638        596       
638        861       
639        494       
639        693       
639        695       
640        352       
640        601       
640        824       
641        195       
641        670       
641        778       
642        149       
642        888       
644        332       
644        512       
646        710       
647        575       
647        735       
647        851       
648        9         
648        588       
648        625       
649        56        
649        187       
649        211       
649        513       
649        744       
649        980       
650        354       
650        578       
650        688       
650        758       
651        34        
651        211       
651        326       
651        583       
652        628       
652        862       
653        133       
653        376       
653        747       
654        127       
654        354       
655        590       
655        743       
655        806       
655        972       
656        24        
656        478       
656        712       
656        784       
657        653       
657        717       
657        1011      
658        385       
658        593       
659        969       
660        404       
661        119       
661        285       
661        539       
661        965       
662        63        
662        324       
662        439       
662        718       
663        743       
663        967       
664        64        
665        219       
665        677       
666        410       
666        594       
666        619       
666        630       
666        727       
666        891       
667        669       
667        761       
667        1017      
668        44        
668        573       
668        844       
668        989       
669        364       
669        491       
669        587       
669        624       
669        647       
669        841       
670        327       
670        644       
670        854       
670        864       
670        971       
670        972       
671        50        
672        16        
672        473       
672        720       
672        800       
672        872       
672        904       
672        994       
673        433       
673        1020      
674        139       
674        686       
674        872       
674        986       
675        113       
675        131       
675        465       
675        759       
676        116       
676        471       
676        772       
676        776       
677        34        
677        296       
677        528       
679        364       
679        724       
680        365       
680        853       
680        997       
681        37        
681        93        
681        318       
681        385       
681        507       
681        684       
681        773       
681        826       
681        1000      
682        286       
683        545       
684        509       
684        606       
684        716       
684        749       
684        761       
684        780       
684        1020      
685        80        
685        509       
685        812       
686        14        
686        120       
686        758       
686        778       
687        102       
687        925       
688        583       
688        592       
688        600       
688        672       
690        538       
690        586       
690        1010      
691        209       
691        315       
691        631       
691        738       
691        842       
692        124       
692        568       
692        713       
692        761       
693        566       
693        988       
694        102       
694        283       
694        627       
695        71        
696        222       
696        281       
696        311       
696        336       
696        568       
696        573       
696        758       
696        784       
697        201       
697        225       
697        281       
697        433       
698        152       
698        812       
698        888       
699        550       
699        593       
700        63        
700        172       
700        830       
701        254       
701        319       
701        404       
701        485       
701        879       
702        68        
702        459       
702        543       
702        605       
703        279       
704        82        
704        115       
704        274       
704        320       
704        590       
704        753       
705        480       
705        840       
706        715       
707        958       
708        246       
708        269       
708        293       
708        389       
708        596       
708        598       
708        709       
708        901       
709        53        
709        515       
709        607       
709        765       
709        784       
710        30        
710        111       
710        501       
710        513       
710        515       
710        855       
711        23        
711        315       
711        999       
712        80        
712        393       
712        665       
712        781       
712        857       
712        896       
713        93        
713        153       
713        160       
713        288       
713        345       
713        504       
713        512       
713        664       
713        882       
714        64        
714        191       
714        552       
714        730       
714        840       
714        926       
715        330       
715        355       
715        424       
715        595       
715        855       
716        14        
716        316       
716        477       
716        702       
716        944       
716        996       
716        998       
717        589       
717        764       
717        848       
718        29        
718        80        
718        205       
718        348       
718        812       
718        960       
718        990       
719        61        
719        459       
719        603       
719        921       
719        945       
719        981       
720        93        
720        256       
720        338       
720        344       
720        581       
721        65        
721        228       
721        589       
721        889       
722        25        
722        217       
722        232       
722        242       
722        915       
723        600       
723        651       
724        596       
724        948       
725        92        
725        108       
725        391       
725        560       
725        581       
725        609       
725        985       
726        530       
726        626       
726        775       
727        240       
727        583       
727        734       
727        872       
728        69        
728        512       
728        739       
728        1001      
729        21        
729        404       
729        837       
729        857       
729        858       
730        104       
730        146       
730        542       
730        977       
731        73        
731        322       
731        394       
732        180       
732        364       
732        560       
732        584       
732        820       
732        857       
732        862       
732        981       
733        89        
733        172       
733        345       
733        657       
734        3         
734        24        
734        442       
735        183       
735        268       
735        364       
735        908       
735        958       
736        32        
736        34        
736        120       
736        540       
736        560       
736        633       
736        704       
736        883       
737        313       
737        345       
737        576       
737        747       
738        604       
739        342       
740        70        
740        453       
740        548       
740        713       
740        724       
740        829       
741        213       
741        533       
741        567       
741        834       
741        918       
741        924       
741        1013      
742        97        
742        114       
742        439       
742        582       
742        784       
743        63        
743        597       
744        23        
744        96        
744        990       
744        1001      
745        175       
745        411       
745        561       
745        587       
746        26        
746        79        
746        112       
746        346       
746        880       
747        27        
747        75        
747        125       
747        349       
747        515       
747        809       
747        931       
748        12        
748        84        
748        500       
748        505       
748        534       
748        788       
748        790       
748        972       
749        565       
749        710       
749        892       
751        5         
751        9         
751        23        
751        230       
751        316       
751        374       
751        425       
752        213       
752        692       
752        699       
753        161       
753        568       
753        689       
753        706       
753        979       
754        546       
755        168       
755        243       
756        36        
756        596       
756        750       
757        295       
757        579       
758        504       
759        517       
760        2         
760        57        
760        93        
760        124       
760        198       
761        241       
761        1017      
762        525       
762        888       
762        890       
763        639       
763        673       
763        947       
764        736       
764        880       
764        892       
764        924       
765        101       
765        127       
765        348       
765        580       
765        677       
765        846       
765        949       
766        126       
766        182       
766        620       
766        801       
767        501       
768        365       
768        461       
768        596       
768        924       
768        960       
768        976       
769        265       
769        285       
769        361       
769        493       
769        808       
769        930       
771        107       
771        542       
771        601       
771        858       
772        0         
772        881       
773        402       
773        749       
773        976       
774        532       
774        602       
774        728       
775        287       
775        502       
775        905       
775        966       
775        1013      
776        394       
776        661       
776        840       
776        937       
776        960       
777        584       
779        305       
780        242       
780        728       
780        762       
780        845       
781        263       
781        607       
782        663       
782        840       
782        844       
783        394       
783        647       
783        782       
783        929       
783        947       
784        770       
784        839       
784        913       
785        237       
785        349       
785        985       
786        727       
787        334       
788        284       
788        347       
788        621       
788        742       
788        764       
788        854       
789        508       
789        653       
789        861       
789        974       
790        63        
790        686       
791        729       
791        951       
791        1003      
792        84        
792        576       
792        595       
792        650       
793        92        
793        409       
793        890       
793        984       
794        875       
795        19        
796        341       
796        594       
796        616       
796        892       
796        956       
797        286       
797        918       
798        220       
798        464       
798        571       
798        854       
799        285       
799        498       
799        757       
800        838       
800        874       
801        289       
801        762       
801        857       
801        865       
802        222       
802        818       
803        307       
803        391       
805        292       
805        430       
805        493       
805        699       
806        66        
806        436       
806        501       
806        838       
807        862       
808        242       
808        858       
808        1008      
808        1017      
809        255       
809        492       
809        728       
809        869       
810        994       
811        99        
812        228       
812        342       
812        756       
812        990       
813        113       
813        151       
813        975       
814        188       
814        365       
814        716       
814        1020      
815        175       
815        205       
815        278       
815        822       
816        312       
816        616       
816        633       
816        824       
816        828       
817        348       
817        477       
817        825       
817        977       
817        996       
818        270       
818        722       
818        858       
818        870       
818        956       
820        1014      
821        387       
821        887       
821        916       
823        446       
824        169       
824        213       
824        489       
824        504       
824        785       
824        997       
825        888       
825        914       
825        939       
825        941       
826        94        
826        731       
826        746       
826        854       
826        870       
827        503       
827        731       
827        793       
828        476       
828        729       
829        77        
829        121       
829        268       
829        297       
829        757       
829        814       
830        404       
830        639       
830        663       
831        252       
831        1009      
832        96        
832        138       
832        200       
832        696       
833        273       
833        287       
833        351       
833        797       
833        844       
833        906       
834        193       
834        770       
834        800       
835        264       
835        594       
836        302       
836        456       
836        532       
836        767       
836        949       
837        454       
837        659       
837        756       
837        852       
838        278       
838        358       
838        592       
838        806       
838        884       
838        918       
838        1020      
839        289       
839        661       
839        919       
840        270       
840        424       
840        714       
840        768       
840        849       
840        876       
841        209       
841        330       
841        369       
841        441       
841        537       
841        877       
842        338       
842        354       
843        157       
843        256       
843        649       
843        715       
843        733       
843        902       
843        968       
843        974       
844        159       
844        184       
844        422       
844        636       
844        663       
845        271       
845        296       
845        661       
846        44        
846        522       
846        773       
846        790       
846        863       
847        580       
847        671       
847        839       
847        901       
847        951       
848        257       
848        374       
848        595       
848        852       
848        1010      
849        576       
849        577       
849        817       
849        921       
850        284       
850        468       
850        684       
850        730       
850        990       
850        994       
851        211       
851        265       
851        747       
851        983       
852        726       
853        276       
853        669       
853        902       
854        352       
854        509       
854        950       
855        136       
855        631       
856        158       
856        217       
856        403       
856        410       
856        952       
856        982       
856        988       
857        461       
857        511       
857        629       
857        664       
858        88        
858        109       
858        411       
858        650       
858        666       
858        765       
858        798       
858        856       
858        868       
859        316       
859        475       
859        873       
860        130       
860        252       
860        345       
860        496       
860        508       
860        541       
860        809       
860        894       
860        912       
860        925       
860        1014      
861        955       
862        1019      
863        173       
863        295       
863        342       
863        587       
863        773       
863        829       
863        975       
864        227       
864        360       
864        680       
864        1009      
865        211       
865        403       
865        704       
865        881       
865        936       
866        118       
866        294       
866        672       
867        512       
868        228       
868        540       
868        862       
868        888       
868        980       
869        229       
869        353       
869        533       
869        620       
870        22        
870        29        
870        672       
870        820       
871        87        
871        381       
871        855       
872        441       
872        456       
872        756       
872        833       
872        972       
873        795       
873        825       
873        1002      
874        491       
874        528       
874        680       
874        813       
874        930       
874        970       
874        974       
875        451       
875        657       
875        826       
875        924       
875        931       
876        102       
876        269       
876        380       
876        404       
876        428       
876        960       
877        714       
877        724       
878        86        
878        122       
878        306       
878        309       
878        593       
878        630       
878        847       
878        868       
878        888       
879        231       
879        363       
879        669       
879        1021      
880        441       
880        497       
880        705       
880        819       
880        852       
880        1008      
881        225       
881        353       
881        589       
881        725       
881        835       
881        914       
882        134       
882        922       
883        226       
883        387       
883        923       
883        935       
884        260       
884        341       
884        508       
884        540       
884        757       
884        913       
884        956       
885        368       
885        716       
885        1016      
886        214       
886        331       
886        377       
886        436       
886        747       
887        980       
888        734       
888        768       
889        162       
889        313       
889        333       
889        816       
889        859       
889        895       
889        981       
889        1001      
890        122       
890        728       
890        752       
890        841       
891        281       
891        437       
891        445       
891        882       
891        925       
891        981       
892        23        
892        149       
892        436       
892        692       
892        859       
893        238       
893        301       
893        492       
893        668       
893        773       
893        802       
893        981       
893        1021      
894        234       
894        304       
894        744       
894        1011      
895        329       
895        366       
895        734       
895        827       
896        41        
896        216       
896        217       
896        400       
896        731       
896        921       
896        976       
896        984       
897        137       
897        866       
897        889       
898        282       
898        446       
898        712       
898        834       
898        856       
898        986       
899        119       
899        279       
899        858       
899        985       
900        12        
900        557       
900        828       
900        858       
900        861       
900        881       
901        456       
901        833       
901        910       
901        924       
901        925       
901        973       
901        1014      
902        856       
902        878       
902        1007      
903        277       
903        376       
903        951       
904        123       
904        281       
904        331       
904        448       
904        474       
904        520       
904        768       
904        784       
904        922       
904        978       
904        991       
904        1020      
905        461       
906        334       
906        347       
906        905       
907        89        
907        203       
907        276       
907        344       
907        792       
907        1007      
907        1018      
908        205       
908        212       
908        293       
908        388       
908        402       
908        629       
908        983       
909        92        
909        199       
909        721       
909        829       
909        836       
909        853       
910        270       
910        566       
910        703       
910        876       
911        350       
911        516       
911        636       
913        23        
913        483       
913        592       
913        600       
914        0         
914        584       
914        736       
914        1018      
915        720       
915        773       
915        944       
916        642       
916        758       
916        848       
916        966       
918        215       
918        307       
918        338       
919        243       
919        973       
920        348       
920        584       
920        593       
920        803       
921        64        
921        247       
921        461       
921        528       
921        780       
921        977       
922        282       
922        599       
922        735       
922        914       
922        918       
923        370       
923        843       
924        21        
924        125       
924        140       
924        253       
924        335       
924        485       
924        823       
924        869       
925        361       
925        980       
926        315       
926        390       
926        640       
926        670       
926        870       
927        84        
927        602       
927        855       
927        860       
927        885       
927        941       
927        1004      
928        104       
928        188       
929        83        
929        227       
929        457       
929        467       
929        500       
930        68        
930        296       
930        355       
930        631       
930        707       
930        763       
930        890       
930        949       
931        74        
931        843       
932        105       
932        133       
932        362       
932        881       
932        951       
932        1013      
933        9         
933        100       
933        466       
933        937       
933        981       
934        234       
934        574       
934        638       
934        964       
934        1010      
935        606       
935        853       
936        680       
936        908       
936        929       
936        930       
937        1017      
938        336       
938        874       
939        344       
939        592       
939        731       
939        889       
939        911       
939        965       
940        248       
940        362       
940        908       
940        969       
941        610       
941        667       
941        865       
941        869       
941        877       
941        882       
941        1013      
942        614       
942        690       
942        823       
943        279       
943        490       
943        606       
943        843       
943        895       
943        909       
944        104       
944        608       
946        377       
947        370       
947        1014      
948        268       
948        378       
948        436       
948        686       
948        1004      
948        1008      
949        86        
949        318       
949        757       
950        236       
950        1013      
950        1015      
950        1020      
951        223       
951        326       
951        957       
951        985       
952        81        
952        112       
952        638       
952        872       
952        1015      
953        24        
953        33        
953        765       
953        940       
954        198       
954        262       
954        283       
954        488       
954        759       
954        808       
954        843       
954        995       
955        98        
955        819       
955        934       
956        404       
956        820       
956        889       
957        125       
957        301       
957        320       
957        624       
957        684       
957        858       
957        885       
958        103       
958        645       
958        990       
959        76        
959        270       
959        281       
959        334       
960        88        
960        376       
960        551       
960        608       
960        833       
960        850       
961        32        
961        770       
961        848       
961        884       
961        979       
962        8         
962        194       
962        834       
962        1008      
963        298       
963        355       
963        370       
964        226       
964        277       
964        734       
964        736       
964        768       
964        780       
965        110       
965        240       
965        285       
965        398       
965        561       
966        259       
966        314       
966        815       
966        854       
967        784       
968        335       
968        365       
968        453       
968        536       
968        616       
968        641       
968        902       
969        97        
969        411       
969        729       
969        770       
969        921       
969        956       
970        626       
970        772       
970        862       
970        1022      
971        329       
971        336       
971        473       
971        538       
971        587       
971        870       
971        984       
971        985       
971        990       
972        164       
972        214       
972        304       
972        468       
972        605       
972        620       
972        822       
972        987       
973        165       
973        389       
973        713       
973        729       
973        789       
973        1014      
974        262       
974        267       
974        518       
974        790       
974        842       
974        926       
974        931       
974        934       
975        71        
975        395       
975        843       
976        0         
976        314       
976        378       
976        860       
977        2         
977        803       
977        810       
977        851       
977        858       
977        921       
977        976       
978        280       
978        289       
978        477       
978        531       
978        785       
979        115       
979        288       
979        521       
979        843       
980        294       
980        468       
980        541       
980        613       
980        918       
981        335       
981        465       
981        524       
981        853       
982        477       
982        578       
982        597       
982        734       
982        1022      
983        71        
983        915       
984        24        
984        600       
984        824       
984        849       
985        8         
985        651       
985        667       
985        697       
985        785       
985        905       
985        962       
986        33        
986        328       
986        914       
987        114       
987        349       
987        737       
987        848       
988        207       
988        424       
988        832       
988        852       
989        44        
989        61        
989        84        
989        119       
989        285       
989        300       
989        841       
990        70        
990        430       
990        518       
990        524       
990        543       
990        616       
990        717       
990        725       
990        774       
990        844       
990        878       
990        911       
991        450       
991        731       
991        1015      
992        17        
992        200       
992        242       
992        886       
993        37        
993        43        
993        209       
993        376       
993        657       
993        973       
994        362       
994        745       
995        211       
995        324       
995        362       
995        867       
996        100       
996        278       
996        376       
996        505       
996        565       
996        601       
996        988       
997        289       
997        305       
997        529       
997        534       
997        636       
997        698       
997        789       
997        791       
997        892       
997        906       
997        941       
997        988       
998        118       
998        180       
998        300       
998        558       
998        874       
998        900       
999        551       
999        773       
999        883       
1000       17        
1000       242       
1000       387       
1000       456       
1000       513       
1000       562       
1000       713       
1000       959       
1001       171       
1001       241       
1001       273       
1001       464       
1001       712       
1001       884       
1002       43        
1002       386       
1002       514       
1002       564       
1003       249       
1003       579       
1003       875       
1003       879       
1003       1017      
1004       236       
1004       364       
1004       736       
1004       892       
1004       933       
1004       952       
1005       377       
1005       477       
1005       573       
1005       979       
1006       506       
1006       756       
1006       767       
1006       838       
1007       429       
1007       508       
1007       576       
1007       740       
1008       52        
1008       268       
1008       489       
1008       754       
1008       850       
1009       369       
1010       44        
1010       120       
1011       491       
1011       588       
1011       805       
1011       1006      
1012       292       
1012       317       
1012       324       
1012       327       
1012       342       
1012       672       
1012       892       
1012       996       
1013       356       
1013       464       
1013       528       
1013       804       
1014       531       
1014       554       
1014       1022      
1015       756       
1016       189       
1016       405       
1016       568       
1016       722       
1016       737       
1016       785       
1016       892       
1016       970       
1016       988       
1017       344       
1017       489       
1017       570       
1017       693       
1017       792       
1018       40        
1018       914       
1018       970       
1018       1019      
1019       313       
1019       365       
1019       411       
1020       452       
1020       492       
1020       862       
1020       873       
1020       980       
1020       983       
1020       1018      
1021       158       
1021       257       
1021       335       
1021       340       
1021       543       
1021       605       
1021       616       
1021       622       
1022       102       
1022       299       
1022       330       
1022       501       
1022       878       
1022       954       
1023       293       
1023       503       
1023       694       
1023       854       
