0          552       
1          81        
1          83        
1          113       
1          161       
1          475       
2          225       
3          67        
3          500       
3          789       
4          142       
4          275       
5          226       
5          926       
6          965       
7          49        
7          92        
7          222       
7          326       
7          388       
9          4         
9          848       
10         251       
10         536       
12         101       
13         94        
13         601       
14         341       
14         410       
15         144       
15         272       
17         70        
17         306       
19         171       
19         302       
19         333       
19         570       
20         68        
21         206       
21         223       
21         327       
21         403       
21         456       
21         602       
22         295       
23         278       
23         318       
24         140       
24         883       
25         146       
25         219       
25         315       
26         493       
26         847       
27         158       
27         403       
27         818       
29         329       
30         379       
30         981       
31         296       
31         408       
31         664       
32         129       
33         415       
34         830       
35         328       
35         353       
35         570       
37         148       
38         204       
39         33        
39         128       
39         264       
40         9         
40         311       
41         86        
43         331       
43         608       
44         653       
44         681       
47         136       
47         199       
48         818       
49         712       
50         121       
53         998       
55         334       
55         389       
55         852       
59         6         
59         510       
59         842       
60         185       
61         95        
61         299       
62         126       
62         259       
62         307       
63         102       
63         475       
64         6         
64         45        
65         83        
65         343       
65         1010      
66         702       
67         153       
67         210       
67         432       
69         86        
69         146       
69         372       
70         505       
71         95        
71         200       
71         317       
71         357       
73         299       
73         703       
75         411       
75         429       
76         55        
76         315       
76         518       
77         0         
77         556       
78         470       
78         808       
80         286       
81         65        
81         348       
81         782       
81         984       
82         311       
82         795       
83         234       
83         295       
83         860       
85         151       
85         262       
85         557       
86         293       
86         338       
87         161       
87         314       
87         875       
88         359       
89         274       
89         342       
89         677       
90         377       
90         477       
90         718       
91         63        
91         150       
91         366       
91         494       
91         617       
91         873       
92         255       
92         503       
93         83        
93         179       
93         187       
93         307       
94         733       
95         257       
95         564       
96         722       
97         375       
98         67        
98         141       
99         288       
99         306       
99         786       
101        262       
101        654       
101        815       
102        144       
102        276       
102        291       
102        343       
103        27        
105        27        
105        868       
109        318       
109        379       
109        430       
110        40        
110        789       
111        981       
112        51        
113        66        
113        925       
114        29        
114        57        
114        453       
115        64        
116        53        
117        177       
117        235       
117        353       
117        449       
117        791       
118        808       
119        384       
119        574       
122        718       
123        233       
123        684       
124        315       
125        307       
126        271       
127        68        
127        519       
128        414       
128        763       
129        412       
129        475       
129        919       
131        802       
132        399       
135        249       
135        376       
135        538       
135        786       
135        832       
136        486       
136        786       
137        372       
137        493       
138        60        
140        108       
141        258       
141        262       
141        455       
141        510       
142        593       
143        273       
143        276       
143        518       
144        372       
144        770       
145        11        
145        478       
146        799       
147        819       
148        425       
149        352       
150        257       
151        239       
151        486       
151        526       
153        161       
153        445       
153        480       
153        507       
155        17        
156        59        
157        214       
157        319       
157        979       
158        463       
159        2         
159        186       
159        913       
160        22        
160        335       
161        374       
162        336       
163        132       
163        140       
163        192       
163        597       
164        3         
164        213       
165        405       
166        480       
168        837       
169        47        
169        59        
169        467       
169        586       
171        283       
172        23        
173        801       
175        309       
176        99        
176        380       
178        243       
178        780       
180        199       
180        425       
181        117       
181        941       
182        357       
184        395       
187        209       
188        113       
188        262       
189        343       
189        629       
189        670       
190        438       
191        35        
191        86        
191        171       
192        120       
192        250       
193        15        
193        134       
193        376       
194        497       
194        521       
195        402       
195        418       
195        771       
196        10        
197        831       
199        64        
199        265       
201        2         
201        58        
201        105       
201        130       
201        169       
201        282       
201        651       
202        73        
203        331       
203        755       
203        953       
203        968       
207        735       
208        929       
209        530       
211        489       
212        37        
212        907       
213        98        
213        226       
213        531       
215        8         
215        111       
215        191       
215        787       
216        309       
218        839       
219        111       
220        334       
220        364       
221        312       
223        588       
224        139       
224        501       
225        121       
226        37        
227        400       
227        807       
228        3         
228        194       
228        339       
228        377       
228        442       
229        70        
229        119       
229        824       
229        827       
231        572       
231        613       
231        784       
231        880       
237        890       
238        7         
239        626       
240        68        
241        280       
242        85        
242        279       
242        343       
242        977       
244        82        
245        375       
247        139       
247        184       
247        260       
249        226       
250        1023      
251        74        
251        792       
252        171       
253        414       
253        708       
254        209       
255        146       
255        302       
255        895       
256        18        
256        243       
256        297       
256        349       
257        450       
258        84        
258        496       
259        232       
259        274       
259        563       
259        977       
261        276       
261        828       
262        10        
262        319       
263        371       
263        446       
263        450       
263        528       
264        759       
264        950       
265        94        
265        327       
265        338       
265        376       
265        463       
266        104       
267        55        
267        78        
268        392       
268        778       
269        170       
269        354       
269        525       
270        2         
270        258       
270        592       
271        360       
271        796       
271        881       
273        98        
273        283       
273        497       
273        780       
273        827       
275        80        
275        988       
276        116       
277        169       
277        191       
278        99        
279        96        
279        217       
279        265       
279        370       
279        406       
280        129       
280        215       
280        752       
280        921       
281        202       
281        263       
281        770       
282        429       
283        270       
284        366       
284        403       
285        292       
285        327       
285        701       
285        863       
286        62        
286        304       
286        910       
288        403       
288        494       
289        25        
289        54        
291        46        
293        132       
293        151       
293        851       
294        85        
294        354       
295        30        
296        855       
297        88        
297        538       
297        755       
299        265       
299        409       
299        717       
300        90        
301        44        
301        107       
301        536       
301        844       
301        989       
301        1019      
303        146       
303        890       
307        57        
307        121       
308        73        
308        461       
309        471       
309        484       
310        157       
311        125       
311        272       
311        353       
311        600       
313        19        
313        92        
315        145       
315        265       
315        287       
316        108       
316        495       
317        256       
317        791       
320        193       
320        731       
321        16        
321        45        
321        561       
322        131       
322        230       
322        250       
322        736       
323        277       
323        325       
323        327       
323        806       
323        930       
324        455       
324        474       
324        821       
324        825       
324        927       
325        261       
325        335       
325        867       
326        344       
327        40        
327        119       
327        365       
327        368       
327        388       
327        500       
327        616       
328        285       
328        423       
329        54        
329        308       
330        208       
330        300       
331        23        
331        162       
331        279       
331        311       
331        370       
332        72        
334        764       
334        847       
336        601       
337        85        
337        626       
339        160       
339        313       
340        466       
340        1004      
341        21        
341        353       
342        222       
343        611       
344        45        
345        121       
345        265       
345        426       
345        456       
346        37        
347        90        
347        117       
347        299       
347        611       
348        329       
348        612       
349        307       
349        528       
350        256       
351        295       
351        296       
352        469       
353        283       
354        133       
355        62        
355        104       
355        459       
355        865       
356        65        
356        757       
357        69        
357        256       
357        347       
358        107       
358        285       
358        955       
359        389       
359        505       
360        986       
361        450       
361        471       
362        295       
363        498       
365        771       
367        348       
367        564       
368        144       
368        304       
369        18        
369        93        
369        947       
371        558       
372        214       
372        338       
373        865       
375        329       
375        380       
375        740       
378        353       
378        779       
379        474       
379        505       
379        804       
380        424       
380        851       
383        25        
384        407       
384        423       
384        771       
385        470       
385        530       
386        81        
387        32        
387        405       
387        502       
388        366       
388        800       
388        820       
389        264       
389        357       
389        392       
390        215       
390        726       
390        782       
391        390       
391        398       
391        774       
391        885       
392        128       
392        283       
392        347       
393        199       
394        75        
394        80        
394        927       
395        166       
396        109       
396        319       
397        136       
397        362       
397        858       
397        980       
399        85        
399        821       
399        930       
400        83        
400        344       
401        451       
401        487       
401        496       
404        1011      
405        620       
405        783       
406        469       
407        65        
407        285       
407        750       
407        986       
408        960       
410        33        
411        409       
412        591       
413        102       
413        332       
413        507       
414        87        
414        484       
415        40        
415        103       
415        392       
416        951       
417        271       
421        235       
421        435       
423        445       
425        106       
425        195       
425        784       
425        860       
426        427       
427        17        
427        273       
427        747       
427        871       
428        22        
428        219       
428        311       
430        178       
431        220       
432        343       
432        358       
433        27        
433        50        
433        593       
433        780       
434        35        
434        75        
434        83        
434        795       
435        330       
435        603       
435        978       
436        251       
437        923       
438        197       
439        677       
440        487       
442        410       
444        23        
444        376       
444        831       
445        202       
445        378       
447        271       
448        499       
450        378       
451        276       
453        64        
453        73        
453        211       
453        254       
453        418       
453        842       
454        497       
455        21        
455        377       
455        382       
455        436       
455        452       
455        693       
455        727       
458        336       
459        219       
459        371       
460        130       
460        489       
461        70        
462        185       
462        363       
462        674       
463        58        
463        61        
463        216       
463        269       
463        406       
463        636       
463        832       
464        562       
466        40        
467        313       
468        306       
469        345       
469        1023      
470        119       
470        473       
471        60        
471        383       
471        505       
471        772       
472        1010      
473        169       
473        204       
473        450       
473        767       
474        315       
474        379       
474        831       
475        152       
475        299       
475        302       
475        414       
475        463       
477        124       
477        201       
477        882       
477        941       
479        663       
480        112       
480        249       
480        332       
480        784       
480        803       
481        2         
482        17        
483        854       
484        81        
484        794       
485        282       
485        582       
486        987       
487        552       
488        56        
489        202       
490        241       
490        878       
493        438       
494        178       
494        397       
494        774       
495        88        
495        111       
495        605       
495        886       
496        339       
499        22        
499        134       
499        750       
501        145       
501        851       
501        924       
502        283       
502        830       
503        23        
503        214       
503        494       
505        314       
505        479       
507        16        
507        40        
507        448       
509        32        
510        580       
511        215       
511        912       
513        315       
513        343       
513        467       
513        564       
513        948       
514        145       
514        981       
514        997       
515        248       
515        328       
516        406       
516        449       
517        31        
517        39        
517        287       
517        291       
518        40        
519        290       
519        467       
519        478       
519        566       
519        765       
519        1023      
520        603       
521        16        
521        81        
521        108       
521        186       
521        360       
521        722       
521        858       
522        296       
523        118       
523        174       
523        602       
523        792       
524        59        
524        169       
524        787       
525        624       
525        785       
525        908       
526        3         
526        5         
526        318       
526        467       
526        665       
527        296       
527        311       
527        364       
527        382       
527        535       
527        587       
527        589       
528        403       
528        702       
528        913       
529        27        
529        852       
530        514       
530        733       
531        400       
531        739       
532        683       
533        38        
533        465       
533        505       
533        511       
534        137       
534        259       
534        653       
535        285       
535        702       
536        343       
537        138       
537        288       
537        338       
537        529       
537        785       
538        456       
539        2         
539        750       
540        27        
540        155       
540        781       
541        174       
541        197       
541        727       
541        733       
541        923       
542        1015      
543        277       
543        661       
544        91        
544        307       
545        311       
545        839       
547        840       
547        842       
548        515       
549        334       
549        439       
550        688       
550        886       
551        543       
551        560       
551        647       
551        784       
551        794       
551        854       
551        943       
553        10        
553        306       
553        332       
553        432       
553        983       
554        724       
555        407       
556        110       
556        1006      
557        5         
557        50        
558        277       
559        417       
560        22        
561        179       
561        770       
561        936       
562        328       
563        25        
563        370       
563        600       
564        120       
564        826       
565        50        
565        727       
565        809       
565        854       
567        325       
567        955       
568        866       
569        251       
569        302       
569        862       
570        190       
571        153       
571        316       
571        338       
571        849       
571        1023      
572        551       
572        855       
573        150       
574        569       
575        21        
575        263       
575        675       
575        742       
576        262       
576        404       
576        454       
576        807       
576        846       
577        221       
577        755       
578        135       
578        347       
578        804       
578        858       
579        337       
579        539       
579        715       
580        487       
581        311       
581        354       
581        408       
581        731       
581        937       
582        411       
583        93        
583        330       
583        373       
583        526       
583        977       
584        354       
584        777       
584        921       
585        14        
585        410       
585        427       
585        699       
585        795       
585        963       
587        90        
588        218       
588        407       
589        90        
589        254       
590        70        
590        576       
591        59        
591        129       
591        269       
591        370       
591        734       
592        454       
592        674       
592        889       
593        730       
594        546       
594        889       
595        320       
595        426       
595        442       
595        477       
595        621       
595        640       
595        661       
595        1002      
596        871       
596        996       
597        54        
597        355       
597        375       
597        1002      
597        1022      
598        787       
599        574       
601        326       
601        386       
601        786       
601        847       
602        105       
602        233       
602        435       
602        533       
603        9         
603        266       
603        727       
604        97        
604        210       
605        199       
606        675       
607        602       
608        577       
608        823       
609        186       
609        198       
609        222       
609        276       
610        628       
610        665       
610        865       
611        259       
611        384       
611        480       
611        794       
611        968       
612        94        
612        283       
612        311       
612        513       
612        582       
613        174       
613        349       
614        48        
614        448       
614        627       
615        16        
615        917       
617        82        
617        926       
618        31        
618        266       
618        529       
619        296       
619        628       
619        632       
619        970       
620        879       
621        410       
622        851       
623        62        
623        517       
623        846       
624        693       
624        822       
624        838       
625        282       
625        782       
625        810       
625        855       
627        47        
627        459       
629        23        
629        208       
629        630       
631        9         
631        118       
631        202       
631        312       
631        429       
631        447       
631        594       
633        148       
634        869       
635        12        
635        260       
635        337       
637        292       
637        436       
637        584       
637        770       
637        966       
639        531       
640        327       
640        491       
641        54        
641        266       
641        283       
641        635       
641        768       
641        791       
642        759       
642        889       
643        694       
643        833       
643        965       
644        278       
644        779       
645        245       
645        375       
645        839       
647        288       
647        911       
647        982       
648        476       
649        744       
650        785       
651        256       
651        336       
651        795       
652        374       
652        992       
653        2         
653        42        
653        316       
653        474       
653        659       
653        806       
654        79        
654        476       
654        835       
655        850       
655        897       
656        99        
657        120       
658        278       
659        848       
661        86        
661        402       
661        460       
662        791       
663        35        
663        122       
664        62        
665        10        
665        222       
665        555       
665        978       
666        804       
666        1002      
667        69        
668        911       
669        393       
669        735       
670        450       
670        947       
671        169       
671        213       
671        465       
671        641       
671        890       
672        705       
673        755       
674        67        
675        529       
675        710       
676        350       
676        679       
677        323       
677        559       
677        696       
678        7         
678        420       
679        343       
679        494       
680        523       
680        932       
681        651       
681        655       
681        993       
681        1018      
682        126       
682        978       
683        209       
683        418       
684        638       
686        351       
690        862       
691        88        
691        331       
691        404       
691        433       
691        776       
691        816       
691        984       
692        352       
692        558       
693        39        
693        827       
693        918       
694        123       
694        433       
695        501       
695        516       
695        881       
695        952       
696        786       
697        335       
697        336       
697        810       
699        217       
699        262       
699        328       
699        394       
699        440       
699        741       
700        504       
700        622       
701        828       
702        12        
703        249       
704        30        
704        647       
705        154       
705        305       
705        512       
707        174       
707        290       
707        474       
707        698       
707        768       
709        318       
709        851       
709        855       
710        170       
711        279       
711        324       
711        334       
711        354       
711        592       
711        612       
712        407       
712        818       
714        661       
715        633       
715        827       
716        1003      
717        326       
717        798       
718        152       
718        212       
718        350       
718        596       
719        255       
719        547       
719        608       
719        825       
720        35        
721        181       
721        240       
721        842       
721        855       
722        279       
722        303       
722        530       
723        506       
723        720       
724        775       
725        91        
725        132       
725        408       
725        854       
726        681       
726        861       
726        897       
727        194       
727        408       
727        410       
727        478       
727        590       
727        780       
728        779       
728        947       
731        363       
731        375       
731        411       
731        598       
732        327       
732        629       
733        221       
733        384       
733        918       
735        376       
735        547       
736        808       
736        898       
737        783       
737        832       
737        930       
739        73        
739        560       
739        566       
740        655       
741        25        
741        31        
741        379       
741        502       
741        972       
742        792       
743        221       
743        222       
743        456       
743        606       
743        963       
743        1014      
744        469       
745        106       
745        544       
746        981       
747        82        
747        634       
747        660       
748        398       
748        440       
748        766       
748        785       
749        603       
751        324       
751        366       
751        504       
751        622       
751        662       
752        731       
753        50        
753        135       
753        174       
753        418       
753        866       
754        779       
755        24        
755        119       
755        597       
755        912       
757        262       
757        568       
757        662       
759        384       
759        710       
762        290       
762        969       
763        536       
764        911       
765        532       
765        571       
765        670       
765        1022      
766        577       
767        213       
767        966       
768        339       
768        913       
769        383       
769        426       
769        770       
770        303       
770        998       
771        381       
771        496       
771        842       
772        850       
773        155       
773        186       
773        954       
774        918       
774        984       
775        352       
775        749       
776        294       
777        311       
777        524       
777        799       
778        760       
779        208       
779        315       
779        638       
779        972       
781        298       
781        304       
781        365       
781        456       
781        779       
781        926       
782        24        
782        553       
782        848       
782        893       
782        1007      
783        31        
783        391       
783        469       
783        531       
784        93        
784        526       
784        874       
785        69        
785        282       
785        333       
785        355       
785        662       
786        163       
786        288       
787        23        
788        327       
788        436       
789        199       
789        583       
790        219       
790        455       
790        547       
791        789       
791        909       
793        52        
793        64        
794        383       
794        411       
794        426       
794        502       
794        538       
795        142       
795        526       
796        314       
796        316       
797        911       
798        832       
799        19        
799        512       
801        25        
801        415       
801        802       
802        433       
802        573       
804        73        
804        334       
804        787       
805        302       
805        441       
805        790       
805        791       
806        807       
806        941       
809        254       
809        291       
809        849       
810        794       
811        199       
811        329       
811        367       
811        525       
811        883       
812        54        
813        24        
813        563       
813        806       
814        928       
815        92        
815        236       
816        112       
817        870       
818        605       
821        35        
821        242       
821        372       
821        806       
821        950       
822        641       
824        329       
824        368       
824        536       
825        150       
825        229       
825        370       
825        378       
826        631       
826        805       
826        829       
827        16        
827        219       
827        338       
829        539       
830        473       
830        669       
831        220       
831        715       
832        513       
832        851       
832        956       
833        18        
833        365       
833        560       
833        606       
833        715       
834        515       
835        21        
835        550       
836        851       
838        166       
838        271       
838        285       
838        963       
839        54        
839        278       
839        534       
839        768       
840        193       
840        293       
841        347       
841        565       
842        217       
842        318       
843        73        
843        189       
843        537       
843        809       
843        832       
843        980       
844        21        
844        58        
844        227       
844        382       
844        859       
845        76        
845        567       
845        607       
845        930       
846        258       
846        274       
846        789       
847        280       
847        701       
847        827       
848        839       
849        275       
850        536       
851        128       
851        587       
851        625       
851        745       
851        816       
851        1014      
852        199       
852        385       
853        616       
854        508       
854        786       
855        90        
855        214       
855        277       
855        817       
855        831       
856        203       
856        430       
856        563       
856        787       
857        10        
857        302       
857        352       
857        398       
857        651       
858        25        
858        594       
858        647       
859        139       
860        5         
861        58        
861        118       
861        462       
861        565       
862        368       
862        533       
862        660       
862        856       
863        581       
864        708       
864        859       
864        991       
865        157       
865        927       
866        487       
867        779       
867        968       
868        66        
868        528       
868        566       
869        92        
869        210       
869        795       
869        807       
870        514       
870        535       
871        1         
871        292       
872        165       
872        283       
872        478       
872        898       
872        994       
872        1011      
873        339       
873        422       
873        775       
873        921       
874        266       
874        338       
874        736       
874        922       
875        283       
875        984       
876        39        
876        886       
877        316       
878        224       
878        781       
880        869       
880        959       
882        947       
883        53        
883        493       
883        510       
883        863       
885        117       
885        250       
887        294       
887        355       
887        456       
887        640       
887        827       
888        17        
888        91        
888        359       
889        27        
889        970       
889        1023      
890        350       
890        393       
891        308       
891        406       
891        453       
891        475       
891        896       
892        444       
893        338       
893        363       
894        510       
894        838       
895        839       
895        975       
896        689       
897        250       
897        831       
897        1015      
899        488       
899        539       
899        1000      
900        277       
900        288       
900        529       
901        272       
901        368       
901        470       
901        482       
901        621       
901        746       
902        397       
903        177       
903        184       
903        477       
903        948       
904        323       
904        443       
905        70        
905        331       
905        337       
905        691       
905        872       
905        961       
906        283       
906        700       
906        723       
906        794       
907        83        
907        524       
907        620       
907        821       
908        534       
908        879       
909        419       
909        431       
909        863       
909        904       
909        971       
910        17        
910        1020      
911        447       
911        530       
911        787       
911        822       
911        1000      
912        51        
912        83        
912        322       
912        859       
913        850       
914        147       
914        512       
914        853       
915        785       
915        803       
915        1009      
916        290       
917        270       
917        326       
917        340       
917        415       
917        870       
917        983       
919        40        
919        94        
919        311       
920        251       
922        283       
922        475       
923        300       
923        438       
923        658       
923        720       
923        864       
923        1016      
924        243       
924        325       
924        411       
924        776       
924        797       
925        195       
925        783       
926        265       
926        340       
926        586       
926        809       
927        396       
927        520       
927        886       
928        587       
928        866       
928        962       
928        975       
929        287       
929        802       
931        419       
932        595       
933        85        
933        282       
933        526       
933        971       
934        92        
935        276       
935        402       
935        431       
935        478       
935        785       
936        911       
937        339       
937        540       
937        978       
939        57        
939        137       
939        145       
939        414       
939        862       
940        538       
940        783       
940        902       
941        495       
942        949       
943        668       
944        40        
944        257       
944        792       
945        566       
945        784       
945        785       
946        479       
947        97        
947        157       
947        238       
947        378       
947        812       
948        307       
948        975       
949        51        
949        612       
951        168       
951        403       
951        535       
952        978       
953        6         
953        977       
955        176       
955        222       
955        266       
956        981       
957        824       
959        70        
959        132       
959        463       
959        518       
959        579       
959        741       
960        47        
960        77        
960        703       
961        14        
961        442       
961        706       
961        793       
961        932       
962        66        
963        355       
963        389       
963        757       
964        213       
964        273       
964        791       
965        265       
965        746       
965        839       
965        938       
966        39        
966        585       
966        1015      
967        210       
967        286       
967        416       
967        997       
969        470       
969        659       
970        344       
970        426       
970        557       
970        677       
971        344       
971        465       
971        823       
972        379       
973        43        
973        191       
973        334       
973        522       
973        707       
973        889       
974        67        
974        621       
975        274       
975        445       
975        1018      
977        261       
977        429       
977        772       
977        816       
977        879       
977        972       
979        15        
979        995       
980        755       
980        1017      
981        239       
981        286       
982        254       
982        261       
983        93        
983        258       
983        490       
983        934       
984        266       
984        849       
986        105       
987        303       
987        467       
987        787       
988        258       
988        330       
988        402       
989        258       
989        538       
989        852       
990        301       
991        500       
991        772       
992        416       
992        637       
992        711       
993        502       
993        849       
994        370       
994        394       
994        546       
995        280       
995        522       
995        579       
996        479       
996        591       
996        658       
996        673       
997        331       
997        338       
997        789       
997        950       
998        214       
998        468       
998        818       
999        49        
999        71        
999        132       
999        148       
999        373       
999        774       
999        881       
1000       777       
1001       943       
1003       318       
1003       368       
1003       411       
1003       588       
1003       814       
1003       890       
1003       919       
1003       960       
1004       62        
1005       78        
1005       304       
1005       795       
1006       858       
1007       485       
1007       572       
1007       974       
1008       334       
1010       149       
1010       800       
1011       367       
1011       793       
1012       885       
1013       390       
1013       538       
1013       919       
1013       964       
1014       116       
1014       204       
1014       339       
1015       449       
1015       969       
1016       930       
1017       265       
1018       237       
1018       314       
1019       498       
1019       514       
1020       862       
1021       440       
1021       605       
1022       142       
1022       405       
1023       646       
1023       733       
