0          73        
0          81        
0          386       
0          388       
0          442       
0          499       
0          522       
0          535       
0          673       
0          956       
1          18        
1          170       
1          698       
1          718       
1          766       
1          917       
2          17        
2          57        
2          72        
2          102       
2          154       
2          185       
2          320       
2          756       
2          990       
3          75        
3          1001      
4          54        
4          266       
4          466       
4          712       
5          384       
5          411       
5          683       
5          850       
5          878       
6          140       
6          164       
6          391       
6          446       
6          487       
6          688       
7          40        
7          226       
7          408       
7          473       
7          720       
7          924       
8          274       
8          394       
8          726       
8          768       
9          166       
9          258       
10         94        
10         135       
10         339       
10         722       
10         947       
11         190       
11         320       
11         466       
12         163       
12         214       
12         999       
13         130       
13         205       
13         338       
13         966       
14         439       
14         474       
15         195       
15         328       
15         388       
15         834       
16         17        
16         251       
17         34        
17         326       
17         495       
17         613       
17         778       
17         947       
17         994       
18         96        
18         257       
18         273       
18         340       
18         459       
18         747       
18         999       
19         328       
19         396       
19         704       
19         782       
20         198       
20         232       
20         263       
20         270       
20         535       
20         620       
20         651       
20         655       
20         717       
20         719       
20         998       
21         39        
21         295       
21         328       
21         384       
21         438       
21         587       
22         177       
22         271       
22         376       
22         426       
22         459       
23         80        
23         198       
23         288       
23         321       
23         409       
23         833       
24         739       
24         914       
24         1023      
25         454       
25         456       
25         696       
26         60        
26         150       
26         211       
26         656       
26         657       
27         150       
27         770       
27         874       
28         4         
28         15        
28         101       
28         518       
28         726       
28         734       
29         187       
29         440       
29         487       
29         707       
30         226       
30         349       
30         388       
31         305       
31         590       
31         778       
32         163       
32         483       
32         496       
32         528       
32         635       
33         90        
33         394       
34         24        
34         189       
34         348       
34         423       
34         563       
34         723       
34         1023      
35         84        
35         144       
35         164       
35         626       
36         103       
36         178       
36         386       
36         448       
36         646       
37         56        
37         178       
37         285       
37         450       
37         470       
37         494       
37         638       
37         760       
37         1018      
38         105       
38         150       
38         296       
38         469       
38         806       
38         907       
39         138       
39         283       
39         445       
39         760       
39         852       
40         230       
40         337       
40         727       
40         977       
40         1019      
41         722       
42         73        
42         324       
42         747       
42         962       
43         314       
43         804       
44         170       
44         227       
44         332       
44         437       
44         578       
45         41        
45         128       
45         181       
45         258       
45         264       
45         402       
45         478       
45         485       
46         153       
46         185       
46         576       
47         234       
48         379       
48         427       
48         499       
48         944       
48         956       
49         16        
49         173       
49         179       
49         242       
50         96        
50         197       
50         313       
50         819       
50         994       
51         22        
51         142       
51         168       
51         251       
51         650       
51         666       
51         929       
52         148       
52         195       
52         272       
52         283       
52         331       
52         399       
52         422       
53         60        
53         150       
53         236       
53         745       
54         109       
54         120       
54         291       
55         84        
55         236       
55         271       
55         341       
55         605       
56         110       
56         321       
56         466       
56         467       
56         523       
57         144       
57         172       
57         226       
57         484       
57         646       
57         1002      
58         212       
58         307       
61         78        
61         322       
61         420       
61         492       
62         710       
62         768       
62         804       
63         248       
63         502       
63         738       
63         920       
64         259       
64         291       
64         376       
64         612       
65         150       
65         153       
65         164       
65         439       
65         616       
66         377       
66         412       
66         416       
66         662       
67         0         
67         216       
67         276       
67         382       
67         398       
67         442       
67         674       
67         792       
68         3         
68         157       
68         218       
68         407       
68         943       
68         946       
69         0         
69         90        
69         352       
69         410       
69         807       
69         916       
69         921       
70         303       
70         566       
70         1012      
71         152       
71         472       
71         584       
71         701       
71         922       
72         35        
72         414       
72         434       
72         470       
72         536       
72         645       
73         430       
73         577       
73         919       
73         982       
74         329       
74         464       
74         965       
75         732       
76         131       
76         209       
76         310       
76         437       
76         585       
76         640       
76         648       
76         660       
76         852       
77         36        
77         146       
77         272       
77         276       
77         414       
77         512       
77         658       
77         702       
77         726       
77         930       
78         2         
78         74        
78         144       
78         149       
78         156       
78         164       
78         226       
78         276       
78         312       
78         460       
78         738       
78         784       
78         980       
79         324       
80         20        
80         130       
80         145       
80         396       
80         531       
80         691       
80         945       
81         2         
81         44        
81         146       
81         194       
81         202       
81         411       
81         472       
81         552       
81         563       
81         645       
81         698       
82         218       
83         308       
83         400       
83         746       
84         37        
84         166       
84         216       
84         527       
84         679       
84         801       
84         857       
84         896       
84         920       
85         59        
85         132       
85         218       
85         298       
85         450       
85         726       
85         728       
85         902       
86         6         
86         97        
86         173       
86         289       
86         404       
86         448       
86         602       
86         785       
86         817       
87         0         
87         24        
87         140       
87         192       
87         458       
87         756       
87         985       
88         3         
88         133       
88         193       
88         414       
88         465       
88         807       
88         916       
90         119       
90         151       
90         221       
90         323       
90         463       
90         883       
91         16        
91         130       
91         629       
91         968       
92         141       
92         147       
92         192       
92         898       
93         276       
93         651       
93         683       
94         373       
94         864       
94         944       
95         113       
95         258       
95         386       
95         917       
96         29        
96         131       
96         335       
96         477       
96         478       
96         643       
96         699       
96         840       
96         891       
97         259       
97         398       
97         448       
98         161       
98         251       
98         254       
98         522       
99         118       
99         304       
99         312       
99         403       
99         770       
99         925       
99         956       
100        2         
100        144       
100        154       
100        246       
100        267       
100        582       
100        825       
101        36        
101        271       
101        273       
101        274       
101        295       
101        432       
101        465       
101        552       
101        774       
101        950       
102        29        
102        58        
102        140       
102        488       
102        495       
102        701       
102        927       
103        44        
103        105       
103        283       
103        466       
103        479       
103        630       
104        145       
104        184       
104        199       
104        365       
104        456       
104        576       
104        787       
105        179       
105        198       
105        219       
106        177       
106        752       
106        772       
106        821       
106        995       
107        216       
107        294       
107        430       
107        788       
107        971       
108        148       
108        161       
108        271       
108        457       
108        919       
109        106       
109        154       
109        200       
109        293       
109        451       
109        466       
109        475       
109        488       
110        223       
110        297       
110        384       
110        817       
110        912       
111        6         
111        288       
111        643       
111        724       
111        976       
112        114       
112        117       
112        147       
112        176       
112        403       
112        495       
112        505       
112        717       
112        873       
113        186       
113        446       
113        678       
113        830       
114        404       
114        478       
115        251       
115        521       
115        953       
116        209       
116        236       
116        286       
116        385       
116        387       
116        423       
116        450       
116        714       
116        810       
116        943       
117        285       
117        300       
117        508       
117        866       
117        919       
117        922       
117        936       
118        27        
118        187       
118        201       
118        282       
118        283       
118        301       
118        308       
118        370       
118        558       
118        897       
119        24        
119        425       
119        470       
119        650       
119        699       
120        197       
120        215       
120        904       
121        8         
121        259       
121        390       
121        465       
121        674       
122        18        
122        84        
122        257       
122        683       
122        833       
122        843       
123        83        
123        168       
123        496       
124        10        
124        170       
124        384       
124        966       
125        98        
125        190       
125        691       
125        975       
126        63        
126        128       
126        311       
126        789       
127        157       
128        18        
128        51        
128        171       
128        214       
128        463       
128        506       
128        782       
129        270       
130        158       
130        643       
130        770       
131        103       
131        430       
131        432       
131        768       
131        858       
132        155       
132        262       
132        402       
132        419       
132        442       
132        499       
133        66        
133        364       
133        474       
133        522       
133        603       
133        905       
133        1004      
134        110       
134        359       
134        511       
134        792       
134        869       
135        118       
135        284       
135        394       
136        303       
136        320       
136        542       
136        786       
136        790       
137        585       
137        595       
137        946       
138        95        
138        206       
138        372       
138        710       
138        789       
140        273       
140        307       
140        357       
140        399       
140        568       
140        967       
141        50        
141        96        
141        290       
141        822       
142        80        
142        532       
143        257       
143        918       
143        989       
144        114       
144        200       
144        242       
144        521       
144        591       
144        844       
145        60        
145        259       
145        498       
145        776       
145        960       
146        88        
146        269       
146        477       
146        855       
147        81        
147        425       
147        940       
148        207       
148        577       
148        648       
149        74        
149        369       
149        697       
150        25        
150        488       
150        513       
150        547       
150        937       
151        231       
151        475       
151        506       
152        67        
152        259       
152        480       
152        659       
153        332       
153        483       
153        898       
153        932       
154        140       
154        576       
155        390       
155        811       
155        904       
158        162       
158        657       
160        6         
160        510       
160        526       
161        82        
161        217       
161        224       
161        586       
161        600       
161        633       
162        67        
162        161       
162        178       
162        208       
162        1011      
163        101       
163        259       
163        500       
163        555       
164        39        
164        171       
164        309       
164        420       
164        587       
164        654       
164        755       
164        827       
165        3         
165        87        
165        538       
165        986       
166        34        
166        115       
166        147       
166        347       
166        356       
166        544       
166        590       
166        596       
166        1006      
167        58        
167        84        
167        373       
167        420       
167        925       
168        2         
168        97        
168        295       
168        989       
169        504       
169        882       
170        337       
170        569       
170        980       
171        321       
171        805       
172        63        
172        87        
172        219       
172        270       
172        434       
173        997       
174        252       
174        425       
174        616       
174        717       
175        88        
175        180       
176        95        
176        225       
176        259       
176        664       
176        683       
178        47        
178        214       
179        1010      
180        21        
180        31        
180        179       
180        454       
180        473       
180        635       
181        14        
181        63        
181        108       
181        320       
182        57        
182        82        
182        214       
182        330       
182        378       
182        712       
182        905       
182        994       
183        191       
183        342       
184        33        
184        352       
184        835       
185        60        
185        91        
186        132       
186        202       
186        367       
186        819       
187        473       
187        588       
187        866       
188        134       
188        354       
188        495       
188        619       
190        24        
190        373       
190        451       
190        723       
190        936       
191        660       
193        58        
193        530       
193        546       
194        14        
194        55        
194        168       
194        215       
194        386       
194        610       
194        657       
195        156       
195        348       
195        494       
195        653       
195        874       
196        2         
196        64        
196        263       
196        521       
197        744       
198        52        
198        139       
198        177       
198        437       
198        623       
198        839       
198        897       
198        898       
198        952       
199        26        
199        612       
199        648       
199        917       
200        427       
200        490       
200        786       
201        10        
201        350       
202        449       
202        562       
202        656       
202        979       
203        16        
203        236       
203        530       
204        7         
204        407       
204        945       
205        210       
206        0         
206        119       
206        233       
206        786       
206        995       
207        262       
207        576       
208        83        
208        155       
208        812       
209        56        
210        268       
210        507       
210        808       
211        325       
211        937       
212        171       
212        278       
212        403       
212        467       
212        650       
212        651       
212        942       
213        414       
213        502       
213        646       
213        650       
214        14        
214        146       
215        192       
215        946       
216        94        
216        422       
216        714       
216        912       
217        208       
217        498       
217        640       
218        202       
218        900       
219        16        
219        300       
219        425       
220        551       
220        783       
221        278       
221        388       
221        920       
222        2         
222        67        
222        137       
222        306       
222        593       
223        387       
223        561       
223        888       
224        74        
224        86        
224        113       
224        145       
224        159       
224        432       
224        830       
224        883       
224        906       
224        932       
225        162       
225        218       
225        278       
225        370       
225        438       
225        627       
225        778       
225        834       
226        57        
226        178       
226        425       
226        513       
226        649       
227        133       
227        258       
227        348       
228        18        
228        197       
228        290       
228        489       
228        514       
228        545       
228        763       
228        816       
229        58        
229        73        
229        185       
229        288       
229        482       
229        495       
229        572       
229        598       
229        794       
230        154       
230        236       
230        481       
230        520       
230        579       
230        585       
230        731       
230        902       
230        1009      
231        94        
231        293       
231        604       
231        873       
232        294       
232        390       
232        659       
232        929       
233        26        
234        273       
234        775       
235        370       
235        850       
235        992       
236        18        
236        179       
236        268       
236        322       
236        356       
236        425       
236        647       
236        817       
236        938       
236        974       
237        414       
237        814       
237        890       
237        898       
237        992       
238        317       
238        364       
239        272       
239        434       
240        14        
240        17        
240        75        
240        379       
240        504       
240        818       
241        59        
241        177       
242        331       
242        436       
242        486       
242        652       
243        188       
243        418       
243        491       
243        623       
243        838       
244        139       
244        191       
244        416       
244        512       
244        531       
244        829       
245        78        
245        337       
245        673       
246        1         
246        43        
246        129       
246        270       
246        404       
246        456       
246        645       
246        704       
247        197       
247        292       
247        591       
247        646       
247        1007      
248        199       
248        254       
248        392       
248        417       
248        579       
248        851       
249        330       
250        49        
250        563       
250        919       
251        12        
252        522       
253        35        
253        120       
253        338       
253        410       
253        450       
254        375       
254        393       
254        561       
254        678       
254        905       
255        330       
255        977       
256        68        
256        152       
256        478       
256        595       
256        746       
256        957       
257        124       
257        214       
257        218       
257        336       
257        794       
257        994       
258        10        
258        27        
258        152       
258        210       
258        322       
258        470       
258        480       
258        896       
259        422       
259        654       
259        824       
259        962       
259        1010      
260        282       
260        359       
260        965       
260        987       
261        3         
261        95        
261        278       
261        394       
261        731       
261        790       
262        167       
262        176       
262        271       
262        273       
262        337       
262        345       
262        403       
262        489       
262        794       
262        932       
263        170       
263        203       
263        333       
263        384       
263        856       
264        243       
264        967       
265        44        
265        166       
265        451       
265        514       
265        714       
265        1014      
266        114       
266        151       
266        160       
266        402       
266        449       
266        481       
267        193       
267        901       
267        1011      
268        272       
269        50        
269        131       
269        415       
269        416       
269        642       
270        180       
270        432       
270        945       
271        220       
271        308       
271        412       
271        450       
271        980       
272        474       
272        479       
272        739       
272        827       
272        850       
272        853       
272        906       
272        969       
272        983       
273        295       
273        549       
274        258       
274        498       
275        366       
276        86        
276        416       
276        481       
276        811       
276        896       
277        198       
277        327       
277        428       
277        448       
277        479       
277        650       
278        280       
278        297       
279        232       
279        292       
279        487       
279        496       
279        508       
280        388       
280        1015      
281        330       
281        970       
282        306       
282        548       
283        339       
284        54        
284        165       
284        287       
284        514       
284        578       
284        762       
284        797       
284        853       
285        66        
285        535       
286        115       
286        161       
286        166       
286        754       
287        403       
288        3         
288        287       
288        493       
288        499       
288        693       
288        699       
288        771       
289        191       
289        200       
289        346       
289        352       
289        632       
289        946       
290        86        
290        255       
290        304       
290        472       
290        820       
290        905       
290        977       
291        34        
291        298       
291        440       
291        499       
291        666       
291        900       
292        99        
292        230       
292        262       
292        310       
292        315       
292        327       
292        372       
292        449       
292        454       
292        460       
292        745       
293        322       
293        348       
293        910       
294        211       
294        252       
294        297       
294        319       
294        371       
294        450       
294        506       
294        639       
294        873       
295        40        
295        401       
295        411       
295        655       
295        914       
295        925       
296        196       
296        339       
298        323       
298        475       
298        661       
299        364       
300        55        
300        375       
300        486       
300        711       
300        856       
301        50        
301        56        
301        369       
301        889       
301        1021      
302        186       
302        197       
302        324       
302        445       
302        452       
302        883       
302        944       
303        933       
304        35        
304        247       
304        283       
304        305       
304        321       
304        347       
304        386       
304        980       
305        142       
306        19        
306        38        
306        426       
307        82        
307        494       
307        620       
308        26        
308        108       
308        115       
308        354       
308        462       
308        570       
308        593       
308        844       
309        970       
310        136       
310        456       
311        54        
311        140       
311        172       
311        408       
311        457       
311        480       
311        560       
312        390       
313        147       
313        172       
313        199       
313        326       
314        32        
314        75        
314        280       
314        401       
314        433       
314        481       
315        418       
315        488       
315        528       
315        560       
315        828       
315        844       
315        910       
316        930       
316        974       
316        993       
317        298       
317        664       
317        838       
318        176       
318        451       
319        376       
319        386       
319        476       
320        123       
320        323       
320        776       
321        314       
321        394       
321        397       
321        928       
321        991       
322        61        
322        531       
322        654       
322        740       
322        816       
322        901       
323        4         
323        141       
324        122       
324        511       
324        539       
324        644       
324        887       
324        921       
325        162       
325        176       
325        451       
325        730       
326        56        
326        241       
326        384       
326        580       
326        696       
326        977       
327        156       
327        442       
327        719       
328        131       
328        172       
328        454       
328        721       
328        897       
330        0         
330        68        
330        401       
330        498       
330        689       
330        899       
330        933       
330        961       
330        983       
331        248       
331        280       
331        304       
332        134       
332        308       
332        467       
332        755       
332        783       
333        28        
333        770       
334        146       
334        402       
334        405       
334        498       
334        844       
334        905       
335        195       
335        414       
336        39        
336        137       
336        208       
336        232       
336        315       
336        320       
336        748       
337        282       
337        388       
337        397       
338        44        
338        201       
338        409       
338        424       
338        447       
339        357       
339        722       
340        267       
340        405       
340        459       
340        650       
340        714       
340        811       
340        905       
340        948       
341        356       
341        396       
341        568       
341        768       
341        771       
341        786       
341        1020      
342        32        
342        128       
342        424       
342        496       
342        523       
342        566       
342        591       
342        654       
343        44        
343        78        
343        157       
343        274       
343        329       
343        395       
343        456       
344        155       
344        432       
344        438       
344        897       
344        945       
345        36        
345        947       
346        690       
346        706       
348        245       
348        323       
348        326       
348        416       
348        539       
348        628       
348        768       
348        915       
349        798       
349        960       
350        220       
350        333       
350        390       
350        416       
350        1013      
351        128       
351        297       
352        291       
352        407       
352        502       
353        9         
353        402       
353        698       
354        122       
354        178       
354        234       
354        942       
355        139       
355        190       
355        218       
355        422       
355        474       
355        793       
355        985       
356        33        
356        143       
356        263       
356        626       
357        146       
357        166       
357        390       
357        444       
357        536       
357        675       
357        748       
358        31        
358        131       
358        164       
358        221       
358        401       
358        488       
358        497       
358        819       
358        930       
359        182       
359        278       
359        366       
359        444       
359        693       
359        777       
360        158       
360        214       
360        259       
360        387       
361        410       
361        413       
361        475       
362        48        
362        51        
362        161       
362        450       
362        626       
363        798       
363        902       
364        341       
364        426       
365        26        
365        274       
365        402       
365        634       
365        710       
366        6         
366        244       
366        335       
366        443       
366        478       
366        695       
366        801       
366        832       
366        933       
367        413       
367        435       
367        770       
368        388       
368        402       
368        476       
369        29        
369        264       
369        570       
370        24        
370        131       
370        295       
370        387       
370        409       
370        457       
370        758       
371        24        
371        353       
371        423       
371        498       
371        551       
371        742       
371        922       
371        944       
372        105       
372        234       
372        343       
372        387       
372        394       
372        419       
372        426       
372        497       
372        570       
373        25        
373        56        
373        362       
373        399       
373        418       
373        460       
373        699       
373        769       
374        142       
374        167       
374        177       
374        410       
374        449       
374        472       
374        768       
374        1004      
375        134       
375        145       
375        320       
375        416       
375        968       
376        72        
376        267       
376        403       
376        762       
377        164       
377        195       
378        141       
378        432       
378        925       
378        947       
378        951       
379        28        
379        676       
380        15        
380        228       
380        733       
381        42        
381        395       
381        448       
381        934       
382        265       
382        432       
382        524       
382        693       
382        788       
382        998       
383        83        
383        128       
383        379       
383        454       
383        482       
383        487       
384        8         
384        99        
384        351       
384        401       
384        563       
384        635       
384        730       
384        902       
384        978       
385        754       
386        11        
386        265       
386        408       
386        901       
387        551       
387        566       
387        759       
387        778       
388        31        
388        251       
388        471       
388        520       
389        327       
389        426       
389        977       
390        13        
390        64        
390        141       
390        201       
390        464       
390        552       
391        24        
391        131       
391        248       
391        272       
391        334       
391        364       
391        735       
391        996       
393        663       
394        83        
394        483       
394        507       
396        365       
396        373       
396        419       
396        567       
396        578       
396        693       
397        112       
397        336       
397        401       
398        193       
398        961       
399        768       
400        322       
400        601       
400        724       
400        839       
400        914       
401        150       
401        330       
401        558       
401        724       
402        376       
402        457       
402        910       
402        956       
402        960       
403        456       
403        553       
403        778       
403        922       
403        961       
404        254       
404        750       
404        790       
404        799       
404        899       
405        30        
405        38        
405        39        
405        142       
405        342       
405        400       
405        465       
405        638       
406        173       
406        356       
407        52        
407        286       
407        653       
408        26        
408        114       
408        371       
408        930       
409        904       
410        64        
410        247       
410        897       
411        392       
412        11        
412        343       
412        399       
412        448       
412        524       
412        660       
412        979       
413        338       
414        70        
414        369       
414        547       
414        996       
415        86        
416        166       
416        272       
416        339       
416        506       
416        687       
416        717       
416        925       
417        137       
417        155       
417        209       
417        434       
417        674       
417        857       
418        249       
418        385       
419        13        
419        354       
419        482       
419        605       
419        784       
419        965       
420        394       
420        400       
420        492       
420        985       
421        302       
421        446       
421        762       
421        952       
422        271       
422        350       
422        465       
422        506       
422        575       
422        605       
422        962       
422        985       
423        436       
423        960       
424        110       
424        314       
424        487       
424        711       
424        834       
424        849       
425        428       
426        12        
426        33        
426        153       
426        283       
427        524       
428        54        
428        718       
429        10        
429        55        
429        132       
429        918       
430        604       
430        944       
430        1001      
431        32        
431        394       
431        504       
432        73        
432        199       
432        291       
432        366       
432        483       
433        135       
433        304       
433        314       
433        438       
434        58        
434        76        
434        264       
435        256       
435        328       
436        243       
436        298       
436        334       
436        474       
436        546       
436        759       
436        817       
437        70        
437        264       
438        350       
438        507       
438        830       
438        980       
438        994       
439        26        
439        315       
439        384       
440        66        
440        259       
440        267       
440        448       
441        297       
441        458       
442        384       
442        520       
443        210       
443        240       
443        363       
443        484       
444        202       
444        223       
444        469       
444        586       
445        456       
446        359       
447        404       
447        528       
448        19        
448        87        
448        98        
449        12        
449        14        
449        92        
449        422       
449        984       
450        440       
450        477       
450        685       
451        117       
451        256       
451        270       
452        315       
452        351       
452        510       
452        602       
453        42        
453        424       
454        18        
454        19        
454        179       
454        232       
454        264       
454        306       
454        521       
454        699       
454        806       
454        915       
455        135       
455        166       
455        284       
456        37        
456        352       
457        0         
457        280       
457        534       
457        774       
457        836       
458        517       
458        883       
458        912       
459        308       
459        896       
460        339       
460        378       
460        722       
461        47        
461        926       
462        510       
462        995       
463        40        
463        170       
463        546       
463        855       
464        943       
464        992       
465        159       
465        778       
466        97        
466        136       
466        505       
466        792       
466        970       
467        23        
467        273       
467        311       
467        644       
468        15        
468        162       
468        266       
468        426       
468        430       
469        196       
469        272       
469        370       
469        662       
470        433       
471        385       
472        99        
472        134       
476        60        
476        311       
476        382       
476        519       
477        274       
477        529       
478        198       
478        438       
478        453       
478        504       
478        578       
479        14        
479        400       
479        478       
479        668       
479        696       
479        804       
479        932       
480        104       
480        442       
481        16        
481        276       
481        402       
481        662       
481        826       
481        910       
482        217       
482        669       
483        443       
483        985       
484        150       
484        151       
484        163       
484        323       
484        348       
484        355       
484        400       
484        770       
485        202       
485        247       
485        476       
485        820       
486        118       
486        503       
486        512       
486        528       
487        62        
487        186       
487        828       
487        857       
489        348       
489        435       
489        734       
491        194       
491        440       
491        520       
492        131       
492        249       
492        443       
493        83        
493        266       
493        647       
493        768       
493        808       
493        938       
494        183       
494        341       
495        706       
496        138       
496        394       
497        12        
497        273       
497        807       
497        907       
498        154       
498        393       
498        519       
498        789       
499        108       
499        786       
499        796       
500        257       
500        281       
500        300       
500        526       
500        814       
500        825       
501        19        
501        30        
501        154       
501        256       
501        402       
501        589       
501        889       
502        134       
502        330       
503        150       
503        184       
503        645       
503        772       
504        416       
505        260       
505        644       
505        704       
505        850       
506        36        
506        322       
506        405       
506        709       
507        276       
507        702       
508        0         
508        547       
508        983       
508        1010      
509        163       
509        384       
509        610       
509        742       
510        64        
510        104       
510        385       
510        402       
510        563       
511        272       
511        908       
511        950       
512        159       
512        733       
512        735       
512        959       
513        254       
514        303       
514        962       
515        677       
516        195       
516        391       
516        540       
516        658       
516        708       
516        1019      
517        90        
517        99        
517        219       
517        779       
517        836       
517        990       
518        112       
518        504       
518        525       
518        769       
518        970       
519        146       
519        244       
519        535       
519        610       
519        769       
519        864       
519        922       
520        243       
520        563       
521        467       
521        825       
521        850       
522        633       
522        726       
523        418       
523        640       
524        149       
524        214       
524        930       
525        240       
525        343       
525        473       
525        566       
525        650       
525        821       
526        304       
526        321       
526        763       
527        710       
527        752       
528        361       
528        395       
528        802       
528        819       
528        907       
528        933       
528        1011      
529        112       
529        588       
530        9         
530        323       
531        81        
531        140       
531        328       
532        29        
532        158       
532        253       
532        298       
532        466       
532        530       
532        542       
532        579       
532        589       
532        905       
533        138       
533        383       
533        491       
533        947       
533        990       
533        1000      
533        1004      
534        704       
534        721       
534        729       
534        843       
535        321       
535        398       
535        459       
535        592       
535        664       
536        118       
536        198       
536        229       
536        609       
537        192       
537        195       
537        424       
538        678       
538        752       
538        964       
540        71        
540        531       
540        692       
540        971       
541        134       
541        216       
541        615       
541        854       
541        897       
541        979       
542        328       
542        743       
542        918       
543        130       
543        658       
543        844       
544        33        
544        360       
544        756       
544        788       
544        873       
545        92        
545        490       
545        978       
545        1016      
546        246       
546        297       
546        673       
547        32        
547        180       
547        386       
547        494       
547        889       
547        1012      
548        99        
548        470       
548        607       
548        738       
548        752       
548        812       
548        962       
549        84        
549        390       
549        478       
549        922       
550        239       
550        272       
550        408       
550        558       
550        605       
550        927       
550        1023      
551        194       
551        285       
551        324       
551        624       
551        626       
551        872       
552        11        
552        703       
552        738       
553        558       
553        592       
553        607       
553        638       
554        324       
554        1009      
555        854       
555        859       
555        911       
556        21        
556        937       
557        237       
557        309       
557        398       
557        478       
557        484       
557        666       
557        724       
558        161       
558        624       
558        742       
558        852       
558        952       
559        162       
559        588       
560        26        
560        240       
560        269       
560        751       
560        917       
560        959       
561        217       
561        472       
561        886       
562        400       
562        406       
562        691       
562        714       
562        773       
562        924       
562        955       
563        88        
563        136       
563        501       
563        736       
564        155       
564        246       
564        311       
564        324       
564        497       
564        761       
564        967       
564        1011      
564        1015      
565        72        
565        642       
565        973       
566        130       
566        196       
566        212       
566        357       
566        502       
566        592       
566        617       
566        620       
566        837       
566        869       
566        950       
567        316       
567        753       
568        42        
568        376       
568        659       
568        809       
569        168       
569        580       
569        750       
570        5         
571        136       
571        368       
571        582       
571        627       
571        962       
572        251       
572        485       
572        751       
572        903       
573        10        
573        567       
573        574       
573        742       
573        938       
574        132       
574        477       
574        483       
574        974       
575        647       
575        934       
576        65        
576        505       
576        933       
576        947       
577        126       
577        482       
577        957       
578        179       
578        339       
578        682       
578        985       
579        1017      
580        134       
580        150       
580        607       
580        844       
580        1005      
581        17        
581        34        
581        176       
581        440       
581        649       
581        698       
581        786       
581        922       
581        983       
581        986       
582        617       
582        650       
582        713       
582        793       
582        847       
582        863       
582        906       
583        153       
583        184       
583        384       
583        476       
583        881       
583        968       
583        981       
584        18        
584        492       
584        771       
584        868       
585        19        
585        374       
585        618       
585        646       
585        692       
586        528       
586        930       
586        969       
587        228       
588        207       
588        530       
588        631       
588        647       
588        650       
588        806       
588        882       
589        772       
589        915       
590        25        
590        383       
590        388       
590        592       
590        642       
590        686       
591        133       
591        214       
591        339       
591        433       
591        674       
591        1016      
592        98        
592        162       
592        243       
592        258       
592        643       
592        658       
593        184       
593        327       
593        905       
594        457       
594        563       
594        644       
594        946       
595        195       
595        486       
596        95        
596        603       
596        747       
596        795       
597        195       
597        711       
597        858       
597        925       
598        121       
598        542       
598        577       
598        662       
598        901       
600        407       
600        523       
600        707       
600        774       
600        807       
601        386       
601        722       
602        393       
602        649       
603        827       
603        901       
603        932       
604        67        
604        391       
604        403       
604        463       
604        506       
604        658       
604        770       
604        970       
605        242       
605        534       
605        547       
605        972       
606        45        
606        57        
606        62        
606        731       
607        236       
607        363       
608        22        
608        41        
608        182       
608        702       
608        835       
608        924       
609        162       
609        290       
609        536       
609        820       
610        21        
610        236       
610        304       
610        352       
610        502       
610        665       
610        804       
611        714       
611        722       
611        797       
612        179       
612        221       
612        250       
612        300       
612        387       
612        519       
612        526       
612        536       
612        696       
612        746       
612        791       
612        982       
613        200       
613        202       
613        213       
613        304       
613        322       
613        443       
613        475       
613        562       
613        674       
613        798       
613        940       
613        967       
614        648       
614        769       
615        168       
615        222       
615        322       
615        427       
615        504       
615        520       
615        773       
616        406       
616        518       
616        999       
617        162       
618        429       
618        571       
618        706       
619        112       
619        264       
619        702       
619        824       
619        958       
621        243       
621        312       
621        480       
621        554       
621        642       
621        827       
621        852       
621        864       
621        1011      
622        1         
622        241       
622        309       
622        387       
622        417       
622        436       
622        935       
623        144       
623        310       
623        403       
623        596       
623        810       
623        832       
623        1008      
624        33        
624        299       
624        523       
625        164       
625        171       
625        215       
625        378       
625        384       
625        554       
625        643       
625        649       
625        737       
625        961       
626        33        
626        220       
626        315       
626        664       
626        688       
626        711       
626        902       
627        656       
627        984       
628        207       
628        328       
628        661       
628        702       
628        755       
628        1009      
629        154       
629        391       
629        611       
629        722       
629        795       
629        906       
629        962       
630        63        
630        298       
630        401       
630        549       
630        621       
630        717       
631        168       
631        266       
631        424       
631        481       
631        954       
631        956       
631        979       
632        195       
632        211       
632        228       
632        902       
633        386       
633        568       
633        898       
633        986       
634        3         
634        131       
634        971       
634        978       
635        496       
635        625       
635        776       
636        642       
636        823       
636        841       
637        160       
637        946       
637        962       
638        6         
638        160       
638        194       
638        272       
638        529       
638        666       
639        698       
639        814       
640        422       
640        563       
640        724       
640        861       
640        936       
641        386       
641        666       
642        289       
642        585       
642        656       
643        738       
643        961       
644        163       
644        429       
644        467       
644        629       
644        632       
644        754       
645        86        
645        350       
645        531       
645        537       
646        216       
646        724       
647        997       
648        811       
648        897       
649        32        
649        775       
650        93        
650        948       
652        59        
652        132       
652        339       
652        375       
652        945       
653        35        
653        82        
653        218       
654        916       
655        216       
655        256       
656        89        
656        399       
656        524       
657        452       
657        798       
658        38        
658        97        
658        192       
658        517       
660        418       
660        580       
660        768       
661        554       
661        730       
661        843       
661        981       
662        686       
662        781       
662        799       
663        541       
663        694       
664        147       
664        713       
664        718       
665        634       
665        832       
665        834       
666        521       
666        979       
667        20        
668        136       
668        342       
668        859       
668        862       
669        102       
670        18        
670        67        
670        243       
670        402       
671        128       
671        302       
671        557       
671        922       
672        88        
672        380       
672        515       
672        616       
672        871       
672        911       
673        376       
673        801       
673        938       
674        625       
674        662       
674        746       
675        72        
675        520       
676        373       
676        391       
676        618       
676        724       
676        834       
677        70        
677        82        
677        658       
677        738       
677        855       
677        883       
677        986       
678        213       
678        448       
678        475       
678        483       
678        621       
678        947       
679        185       
679        635       
679        762       
679        984       
680        14        
680        75        
680        180       
681        48        
681        567       
682        441       
682        467       
682        590       
682        609       
682        753       
684        28        
684        90        
684        181       
684        449       
684        479       
684        582       
684        753       
684        802       
685        183       
685        273       
685        530       
685        568       
686        120       
686        610       
686        825       
686        945       
688        164       
688        505       
688        839       
688        980       
688        985       
689        320       
689        778       
690        254       
690        636       
690        962       
691        712       
691        765       
691        964       
692        71        
692        226       
692        423       
692        622       
692        784       
693        72        
693        174       
693        486       
694        705       
694        882       
694        984       
694        998       
695        842       
696        1         
696        497       
696        629       
696        641       
697        512       
698        772       
698        946       
699        72        
699        226       
699        979       
700        501       
700        622       
700        753       
700        815       
700        946       
702        766       
702        843       
702        886       
703        678       
703        704       
703        836       
703        844       
703        852       
704        635       
704        917       
704        947       
705        75        
705        141       
705        649       
705        806       
705        910       
706        9         
706        137       
706        409       
706        792       
707        336       
707        718       
708        225       
708        474       
708        601       
709        146       
709        270       
709        824       
710        33        
710        113       
710        399       
710        599       
710        794       
710        954       
711        93        
711        736       
711        952       
711        954       
711        957       
712        116       
712        275       
712        695       
712        771       
713        129       
714        655       
715        912       
715        926       
716        326       
716        384       
717        38        
717        432       
717        924       
718        88        
718        582       
718        803       
719        132       
719        330       
719        522       
719        581       
720        305       
720        571       
720        640       
720        659       
720        908       
721        26        
721        294       
721        473       
722        388       
722        610       
722        685       
722        777       
722        817       
723        6         
724        223       
724        399       
724        441       
724        566       
724        643       
724        968       
725        13        
725        128       
725        190       
725        600       
725        675       
726        58        
726        354       
726        419       
726        657       
726        867       
726        896       
727        24        
727        197       
727        269       
727        393       
727        810       
727        925       
727        1016      
728        333       
728        422       
728        643       
729        274       
729        342       
729        898       
730        193       
730        302       
730        342       
730        455       
730        669       
730        993       
731        564       
732        341       
732        427       
732        712       
732        824       
732        915       
733        169       
733        475       
733        502       
733        549       
733        987       
734        516       
734        620       
735        45        
735        128       
736        568       
736        801       
736        922       
737        292       
737        525       
737        838       
738        86        
739        103       
739        276       
739        479       
739        568       
739        600       
739        688       
740        324       
740        783       
740        851       
740        866       
741        71        
741        254       
741        326       
741        436       
741        448       
741        847       
742        311       
742        323       
742        438       
742        648       
742        669       
742        848       
743        92        
743        113       
743        502       
743        530       
743        633       
743        856       
743        869       
744        535       
745        242       
745        488       
745        632       
745        882       
746        562       
746        697       
747        0         
747        611       
748        78        
748        435       
748        533       
748        743       
749        33        
749        118       
749        175       
749        240       
749        925       
750        25        
750        145       
750        258       
750        277       
750        614       
750        962       
750        998       
751        331       
752        66        
752        443       
752        518       
752        522       
752        642       
753        42        
753        184       
753        770       
754        281       
754        453       
754        595       
754        610       
754        723       
754        939       
754        997       
755        652       
756        254       
756        961       
757        54        
757        523       
757        776       
758        350       
758        547       
758        557       
758        712       
758        737       
758        848       
759        8         
759        134       
759        566       
760        115       
760        418       
760        551       
760        791       
761        281       
761        518       
761        872       
762        83        
762        755       
762        833       
763        675       
763        776       
763        820       
763        851       
764        164       
764        426       
764        551       
764        719       
766        142       
766        386       
766        507       
766        523       
766        750       
766        829       
766        904       
766        976       
767        672       
767        898       
768        570       
768        753       
768        846       
768        926       
768        957       
769        384       
769        642       
769        900       
769        946       
769        960       
769        970       
770        383       
770        417       
770        567       
770        722       
770        883       
770        898       
771        192       
771        822       
771        970       
772        542       
773        328       
773        720       
773        971       
774        106       
774        143       
774        413       
774        418       
774        500       
774        544       
775        293       
775        464       
776        66        
776        126       
776        183       
776        257       
776        798       
776        977       
777        466       
777        670       
778        387       
778        736       
779        420       
779        501       
779        799       
780        50        
780        213       
780        335       
780        542       
780        560       
780        722       
780        750       
781        211       
781        254       
781        434       
782        192       
782        798       
782        973       
783        288       
783        342       
783        467       
783        735       
784        264       
784        513       
784        592       
784        706       
784        878       
784        963       
785        18        
785        383       
785        586       
785        709       
786        375       
786        747       
787        667       
788        194       
788        325       
788        414       
788        797       
789        510       
789        912       
790        171       
790        634       
790        641       
790        799       
791        916       
792        143       
792        707       
792        839       
793        385       
793        674       
793        766       
794        20        
794        146       
794        483       
794        936       
795        162       
795        198       
795        912       
796        299       
796        340       
796        917       
798        101       
798        631       
798        682       
798        750       
798        917       
799        659       
799        902       
800        188       
800        305       
800        333       
800        377       
800        402       
800        762       
800        824       
800        825       
800        964       
800        1003      
800        1018      
801        524       
801        888       
801        894       
801        928       
802        189       
802        752       
803        150       
803        649       
804        451       
804        668       
804        674       
804        747       
804        946       
804        971       
805        486       
805        822       
806        122       
806        174       
806        197       
806        932       
806        961       
806        962       
807        244       
807        854       
807        966       
807        968       
807        1014      
808        415       
808        618       
808        635       
808        720       
808        944       
808        947       
808        975       
809        119       
809        382       
809        726       
809        1014      
810        307       
810        392       
810        535       
810        691       
810        721       
811        736       
811        780       
811        936       
812        487       
812        928       
812        1010      
813        625       
813        723       
814        278       
814        595       
814        627       
814        746       
814        785       
814        910       
814        994       
815        151       
815        581       
815        816       
816        140       
816        141       
816        186       
816        426       
816        571       
816        675       
816        711       
816        937       
816        979       
816        1018      
817        34        
817        194       
817        457       
817        577       
817        952       
817        995       
818        718       
818        1009      
818        1022      
819        545       
819        734       
819        957       
820        277       
820        350       
820        451       
820        585       
820        847       
820        878       
820        1010      
821        11        
821        90        
821        194       
821        442       
821        473       
821        689       
821        704       
821        750       
821        932       
822        120       
822        134       
822        164       
822        170       
822        224       
822        259       
822        275       
822        381       
823        156       
823        683       
823        714       
823        728       
824        837       
825        694       
825        706       
826        96        
826        542       
826        929       
827        852       
828        35        
828        291       
828        381       
828        475       
828        677       
828        855       
829        422       
829        450       
829        726       
830        43        
830        440       
830        835       
830        897       
830        982       
830        992       
831        322       
831        642       
832        41        
832        443       
832        785       
833        130       
833        213       
833        412       
833        433       
833        468       
834        22        
834        170       
834        258       
834        536       
834        667       
834        833       
834        901       
834        955       
835        97        
835        212       
835        375       
835        616       
836        191       
836        474       
836        475       
836        619       
836        642       
836        661       
836        777       
836        922       
836        927       
836        998       
837        504       
837        747       
837        784       
837        829       
837        855       
838        83        
838        128       
838        245       
838        370       
838        531       
838        629       
838        720       
838        798       
838        947       
838        957       
839        96        
839        232       
839        384       
839        800       
839        920       
840        22        
840        315       
840        451       
840        512       
840        785       
841        278       
841        279       
841        906       
841        966       
842        130       
842        463       
842        852       
842        933       
843        276       
843        420       
843        720       
843        844       
843        874       
844        406       
844        531       
844        818       
844        851       
844        912       
845        66        
845        439       
845        534       
845        660       
845        710       
845        923       
845        946       
845        978       
846        135       
846        266       
846        647       
846        919       
846        956       
847        426       
847        542       
847        950       
847        951       
847        965       
848        771       
848        907       
848        972       
849        768       
850        147       
850        161       
850        474       
850        772       
850        827       
851        524       
852        44        
852        139       
852        162       
852        685       
852        850       
852        914       
853        39        
853        257       
853        406       
853        499       
853        527       
853        629       
854        342       
854        440       
854        564       
854        841       
854        918       
854        962       
854        964       
854        977       
855        230       
855        596       
856        112       
856        250       
856        450       
856        521       
856        645       
856        930       
856        966       
856        976       
857        691       
858        259       
858        308       
858        430       
859        50        
859        394       
860        405       
860        451       
860        660       
860        683       
860        714       
860        784       
860        852       
860        879       
860        951       
861        258       
861        266       
861        598       
862        24        
862        323       
862        388       
862        787       
863        977       
864        46        
864        630       
864        659       
864        676       
864        849       
864        926       
864        938       
864        939       
865        154       
865        740       
865        778       
866        155       
866        460       
866        672       
866        956       
866        985       
867        457       
867        691       
867        754       
868        17        
868        33        
868        278       
868        397       
868        535       
868        539       
868        740       
868        941       
869        161       
869        182       
869        318       
869        338       
869        406       
869        487       
869        642       
870        153       
870        217       
870        244       
870        266       
870        274       
870        411       
870        641       
870        647       
870        816       
871        387       
871        458       
871        772       
872        427       
872        439       
872        715       
872        916       
872        927       
873        414       
873        530       
873        759       
873        964       
874        217       
874        790       
874        897       
874        899       
874        902       
874        949       
875        4         
875        297       
875        816       
875        924       
876        306       
876        483       
876        898       
877        530       
877        605       
877        680       
877        736       
877        833       
877        858       
877        898       
878        165       
878        288       
878        678       
878        798       
878        898       
878        981       
879        211       
879        248       
879        572       
879        900       
879        986       
880        35        
880        157       
880        187       
880        288       
880        295       
880        310       
880        461       
880        555       
880        771       
880        874       
881        151       
881        542       
881        896       
882        27        
882        169       
882        801       
882        967       
883        32        
883        61        
883        319       
883        943       
883        1017      
883        1022      
884        245       
884        411       
884        473       
884        559       
884        667       
884        798       
884        914       
884        921       
885        516       
885        635       
885        706       
885        923       
886        206       
886        313       
886        425       
886        552       
886        761       
887        146       
887        402       
887        440       
888        396       
888        419       
888        560       
888        667       
888        679       
888        851       
888        896       
888        968       
889        576       
889        626       
889        674       
889        698       
889        768       
890        768       
891        753       
891        992       
892        391       
892        515       
892        791       
893        465       
893        688       
893        770       
893        948       
893        966       
893        998       
894        50        
894        135       
894        422       
894        705       
894        809       
894        948       
895        18        
895        433       
895        945       
896        288       
896        425       
896        794       
896        852       
896        866       
897        242       
897        258       
897        618       
897        1018      
898        280       
898        576       
898        584       
898        657       
898        768       
898        792       
899        88        
899        277       
899        363       
899        792       
900        638       
900        695       
900        696       
900        848       
900        908       
900        987       
901        120       
901        146       
901        506       
901        723       
902        307       
902        322       
902        503       
902        704       
902        970       
903        730       
903        803       
903        850       
903        910       
903        915       
904        1023      
905        182       
905        962       
906        5         
906        83        
906        506       
906        742       
906        908       
906        989       
907        55        
907        955       
908        86        
909        339       
909        450       
909        467       
909        819       
910        71        
910        176       
910        917       
911        163       
911        280       
911        386       
911        392       
911        496       
911        497       
912        579       
912        903       
912        904       
913        962       
914        365       
914        791       
914        880       
915        308       
915        344       
916        52        
916        193       
916        858       
916        896       
916        897       
917        494       
917        730       
918        39        
918        113       
919        75        
919        548       
919        787       
919        880       
919        1001      
924        64        
924        452       
924        458       
924        466       
924        966       
924        1006      
925        224       
926        300       
926        521       
926        597       
927        260       
927        384       
928        567       
928        699       
928        786       
928        858       
929        499       
929        735       
929        919       
929        1022      
930        1019      
931        848       
931        908       
932        368       
932        592       
932        662       
932        822       
933        627       
933        810       
933        812       
933        906       
934        9         
934        353       
934        685       
934        698       
934        863       
934        1012      
936        214       
936        338       
936        566       
937        735       
938        624       
938        672       
938        707       
938        906       
939        23        
939        485       
940        603       
941        214       
941        452       
941        562       
941        801       
942        5         
942        833       
943        10        
943        116       
943        292       
944        305       
944        548       
944        974       
945        450       
945        832       
946        3         
946        96        
946        123       
946        222       
946        379       
946        775       
946        960       
946        971       
948        646       
948        723       
948        811       
949        152       
949        313       
949        686       
949        731       
950        785       
950        898       
951        663       
952        259       
954        197       
954        253       
954        764       
954        817       
955        900       
956        150       
956        213       
956        248       
956        458       
956        529       
958        446       
958        684       
958        841       
959        652       
960        216       
960        950       
960        984       
961        187       
961        722       
961        772       
961        850       
961        956       
962        50        
962        400       
962        911       
962        969       
962        1020      
963        533       
963        700       
964        9         
964        31        
964        448       
964        546       
964        667       
964        858       
965        266       
965        384       
965        404       
965        482       
965        654       
965        710       
966        1         
966        135       
966        382       
966        394       
966        461       
966        832       
966        912       
966        998       
966        1018      
967        264       
967        278       
967        817       
969        119       
969        690       
970        496       
970        560       
970        879       
971        184       
971        713       
972        298       
972        506       
973        904       
973        943       
974        48        
974        614       
974        852       
974        896       
974        945       
975        528       
975        770       
976        682       
976        783       
977        18        
977        1007      
978        155       
978        335       
978        591       
978        912       
978        939       
979        984       
980        182       
980        517       
980        805       
980        942       
980        958       
981        84        
982        297       
982        307       
982        940       
982        942       
983        454       
983        797       
983        857       
983        969       
985        467       
985        566       
985        675       
985        711       
986        193       
986        435       
986        529       
986        960       
988        129       
988        948       
989        787       
990        61        
990        1001      
991        128       
991        532       
991        958       
992        449       
992        922       
992        926       
992        954       
993        29        
993        500       
993        825       
993        944       
994        99        
994        372       
994        398       
994        955       
995        62        
995        551       
995        860       
996        178       
996        459       
996        519       
996        800       
996        821       
996        830       
996        862       
997        266       
997        282       
997        798       
997        824       
998        37        
998        169       
998        372       
998        385       
998        1003      
999        366       
999        536       
1000       531       
1000       791       
1000       899       
1001       642       
1002       442       
1002       626       
1003       776       
1003       875       
1003       888       
1003       999       
1004       601       
1004       1012      
1005       150       
1005       605       
1005       808       
1005       816       
1006       267       
1006       402       
1006       632       
1007       260       
1007       537       
1008       114       
1008       494       
1008       714       
1008       787       
1008       803       
1009       134       
1009       276       
1009       543       
1009       813       
1010       168       
1010       353       
1010       461       
1010       737       
1010       988       
1011       778       
1011       888       
1011       914       
1012       289       
1012       594       
1012       704       
1012       773       
1012       790       
1012       928       
1012       1002      
1013       297       
1013       366       
1013       760       
1013       782       
1013       926       
1014       7         
1014       74        
1014       105       
1014       295       
1014       394       
1014       571       
1015       178       
1015       408       
1015       577       
1015       826       
1016       71        
1016       180       
1016       379       
1016       775       
1017       402       
1017       574       
1017       809       
1018       274       
1018       847       
1019       208       
1019       851       
1020       35        
1020       492       
1020       579       
1021       386       
1021       1008      
1022       18        
1022       937       
1023       432       
1023       736       
1023       788       
1023       950       
1023       960       
1023       1013      
