0          349       
1          521       
1          848       
1          1010      
2          463       
3          286       
3          341       
4          347       
4          378       
4          955       
7          27        
7          462       
8          0         
8          377       
8          857       
9          300       
9          849       
9          875       
9          957       
9          974       
11         337       
11         493       
11         511       
12         191       
12         835       
13         67        
13         262       
13         881       
13         926       
14         247       
14         355       
15         104       
15         317       
15         382       
15         468       
15         938       
15         946       
17         975       
21         685       
21         807       
21         895       
23         395       
23         1018      
24         72        
24         448       
24         456       
25         141       
25         777       
25         986       
26         492       
26         652       
27         98        
28         768       
29         18        
29         269       
29         460       
30         110       
30         278       
31         578       
32         475       
33         1022      
34         1012      
35         382       
35         962       
37         11        
37         180       
37         405       
37         433       
37         824       
37         961       
37         976       
38         152       
38         288       
38         855       
39         979       
40         332       
40         435       
40         511       
41         191       
41         457       
41         891       
42         344       
43         387       
43         987       
45         430       
45         926       
45         986       
46         603       
46         883       
46         923       
47         83        
47         414       
47         643       
48         353       
52         118       
52         990       
53         483       
54         710       
55         460       
55         719       
55         939       
56         448       
56         739       
57         897       
58         358       
59         835       
61         731       
61         911       
62         192       
62         359       
62         922       
62         968       
63         472       
63         835       
63         877       
64         659       
64         794       
65         503       
66         376       
68         440       
68         529       
68         874       
68         921       
69         31        
70         30        
71         897       
71         904       
72         563       
72         792       
72         970       
72         996       
73         126       
73         385       
73         538       
73         809       
73         976       
75         257       
76         394       
76         672       
76         827       
76         922       
77         448       
78         378       
78         513       
78         810       
79         341       
79         359       
79         395       
79         462       
79         839       
80         833       
81         57        
81         450       
81         898       
82         202       
84         411       
86         140       
86         433       
88         691       
88         957       
89         384       
90         323       
90         482       
91         159       
91         460       
92         154       
92         285       
92         709       
93         501       
93         715       
93         884       
95         70        
97         475       
97         695       
100        194       
101        488       
101        672       
102        937       
102        955       
103        306       
104        852       
104        904       
106        191       
106        381       
106        823       
107        307       
107        466       
107        818       
108        368       
108        397       
108        729       
108        988       
109        351       
109        462       
109        528       
109        566       
109        865       
109        945       
111        177       
111        497       
111        847       
112        873       
113        987       
114        297       
114        905       
116        101       
117        323       
117        414       
117        808       
117        839       
118        315       
119        273       
119        287       
120        1000      
121        697       
121        938       
121        973       
123        931       
124        65        
124        147       
125        210       
125        331       
126        199       
126        398       
126        644       
126        751       
127        393       
127        495       
130        482       
130        851       
130        863       
132        269       
132        344       
132        580       
132        763       
133        159       
133        795       
134        477       
134        927       
135        323       
135        369       
135        953       
136        849       
137        346       
137        409       
137        503       
137        532       
137        900       
138        350       
138        825       
139        443       
139        809       
140        236       
140        827       
140        896       
141        322       
141        359       
142        411       
143        115       
143        193       
143        215       
143        278       
144        284       
144        554       
144        906       
145        233       
145        322       
145        688       
147        463       
147        655       
148        210       
148        489       
149        796       
150        973       
151        259       
152        469       
152        784       
152        961       
152        997       
153        331       
153        456       
153        621       
153        901       
154        889       
154        969       
155        139       
155        314       
155        457       
155        674       
155        684       
156        385       
156        855       
156        869       
156        910       
156        928       
157        453       
157        647       
157        655       
158        69        
158        796       
158        931       
159        419       
159        742       
159        763       
159        897       
159        930       
161        370       
161        1005      
163        251       
163        395       
163        449       
163        466       
163        862       
164        127       
164        193       
164        207       
164        696       
164        757       
164        840       
165        232       
165        372       
165        373       
165        578       
166        367       
167        346       
167        503       
168        438       
168        464       
168        469       
168        824       
169        415       
169        448       
171        258       
171        468       
171        496       
171        995       
172        131       
172        354       
172        793       
172        843       
172        947       
173        93        
173        129       
173        168       
173        273       
173        321       
173        435       
173        507       
173        747       
173        824       
173        922       
173        925       
173        1010      
173        1019      
174        855       
175        479       
175        906       
175        926       
176        810       
177        457       
178        232       
179        859       
180        491       
180        892       
180        956       
181        983       
182        379       
182        493       
182        999       
183        265       
185        240       
185        257       
186        463       
186        973       
187        257       
188        247       
189        352       
190        197       
190        603       
191        362       
191        483       
192        651       
193        149       
193        314       
193        1012      
194        538       
194        541       
195        906       
195        968       
196        653       
197        17        
197        261       
198        491       
199        27        
199        685       
200        279       
200        283       
200        365       
200        384       
200        970       
201        354       
201        439       
202        323       
203        492       
203        834       
204        641       
204        909       
204        1015      
205        58        
205        140       
205        325       
205        371       
205        489       
207        727       
208        979       
209        363       
209        417       
209        481       
210        931       
210        940       
211        143       
211        374       
212        234       
212        335       
213        680       
214        522       
214        943       
215        73        
215        193       
216        229       
216        656       
217        275       
217        338       
217        461       
217        885       
217        984       
218        923       
220        274       
220        778       
221        389       
221        705       
222        806       
222        859       
223        485       
223        738       
225        480       
225        491       
226        22        
227        135       
227        178       
227        696       
228        412       
228        490       
228        507       
228        953       
228        979       
228        986       
229        297       
229        409       
229        458       
229        483       
229        524       
229        942       
229        985       
230        750       
230        929       
231        146       
231        439       
231        937       
232        11        
232        34        
232        185       
232        323       
232        391       
232        409       
233        499       
233        693       
234        425       
234        474       
234        546       
234        818       
235        143       
235        806       
235        835       
235        857       
236        57        
236        149       
236        252       
236        400       
236        915       
236        976       
236        994       
237        297       
237        403       
237        787       
237        827       
237        932       
237        993       
238        187       
238        433       
238        858       
239        368       
239        429       
239        430       
239        787       
242        507       
244        927       
245        356       
247        965       
248        406       
249        320       
249        668       
249        834       
249        903       
250        1004      
251        210       
251        770       
252        317       
253        219       
254        419       
254        462       
255        396       
255        870       
255        994       
256        43        
256        368       
256        379       
257        267       
257        346       
257        762       
258        341       
258        1019      
259        539       
259        723       
260        205       
261        122       
261        729       
261        763       
262        122       
262        319       
262        631       
262        669       
262        859       
263        582       
263        596       
263        763       
264        80        
264        193       
264        891       
265        671       
266        662       
267        394       
267        918       
267        976       
268        75        
268        176       
268        561       
268        706       
269        205       
269        646       
269        717       
269        988       
270        625       
270        710       
270        716       
270        875       
271        252       
271        393       
275        15        
276        19        
276        91        
276        760       
276        941       
277        188       
277        465       
279        174       
279        202       
279        203       
279        994       
281        325       
281        608       
281        635       
281        651       
282        230       
282        577       
282        966       
283        679       
283        737       
284        200       
284        254       
284        845       
285        167       
285        325       
285        341       
286        37        
286        147       
286        362       
286        714       
286        839       
287        32        
287        409       
287        472       
287        649       
288        29        
288        836       
289        233       
289        746       
291        379       
291        748       
295        177       
296        212       
296        217       
296        405       
296        596       
296        628       
297        382       
297        479       
297        890       
298        355       
298        456       
298        723       
298        868       
299        765       
300        433       
300        597       
300        984       
301        203       
301        766       
301        1002      
303        345       
303        755       
304        732       
305        878       
306        235       
306        586       
306        716       
308        520       
311        38        
311        81        
311        367       
312        109       
312        585       
313        166       
313        731       
315        202       
315        963       
316        123       
316        608       
317        74        
318        642       
318        1019      
319        362       
319        834       
319        883       
320        451       
320        787       
321        347       
322        182       
322        631       
322        914       
322        937       
323        779       
324        305       
324        335       
324        413       
324        578       
325        432       
325        574       
325        660       
325        727       
326        159       
326        194       
326        279       
326        337       
327        394       
327        681       
327        710       
327        792       
327        991       
328        31        
328        361       
329        179       
330        28        
330        201       
330        561       
330        857       
331        18        
331        667       
331        695       
332        9         
332        249       
332        272       
332        476       
332        735       
333        145       
333        343       
333        532       
333        603       
333        715       
333        819       
333        899       
333        952       
334        764       
335        428       
335        591       
335        693       
335        725       
336        538       
336        699       
337        163       
339        131       
343        179       
343        621       
344        795       
344        878       
345        168       
345        271       
346        147       
346        310       
347        441       
347        457       
347        653       
348        247       
348        389       
348        517       
348        662       
351        15        
351        815       
354        25        
356        175       
356        383       
357        158       
357        685       
357        900       
357        986       
358        670       
359        145       
359        509       
360        401       
360        754       
361        113       
361        803       
361        824       
361        985       
362        219       
362        450       
362        566       
363        154       
364        43        
364        301       
364        626       
365        401       
365        589       
365        825       
365        845       
366        345       
366        426       
366        1016      
367        149       
367        186       
367        288       
367        664       
369        234       
370        170       
371        779       
372        416       
372        942       
373        652       
373        657       
374        543       
374        590       
374        702       
375        87        
375        810       
376        466       
376        688       
376        769       
376        833       
377        336       
377        433       
377        705       
378        427       
381        749       
382        25        
383        564       
383        837       
384        845       
385        397       
385        665       
386        377       
387        477       
387        525       
387        632       
388        184       
388        445       
389        95        
389        645       
389        873       
389        967       
389        1009      
390        23        
390        321       
390        747       
390        974       
391        204       
391        605       
391        980       
392        498       
392        589       
392        828       
393        720       
393        938       
395        214       
395        458       
395        727       
395        731       
395        922       
396        82        
396        178       
396        705       
397        394       
397        464       
397        700       
397        990       
398        28        
398        195       
398        645       
399        220       
399        703       
400        736       
400        970       
401        483       
401        649       
401        658       
401        899       
402        270       
404        162       
404        207       
404        540       
404        970       
406        251       
407        363       
407        536       
407        714       
407        1002      
408        51        
408        74        
408        328       
408        877       
409        577       
410        873       
411        137       
411        486       
411        738       
411        758       
411        764       
411        845       
412        463       
413        195       
413        403       
414        196       
414        569       
414        736       
414        998       
415        668       
415        994       
416        126       
417        599       
418        586       
419        497       
419        682       
420        243       
420        691       
420        752       
421        432       
422        219       
422        793       
422        833       
423        191       
423        195       
423        202       
423        448       
423        661       
424        222       
424        917       
424        921       
425        454       
425        1004      
425        1023      
426        342       
426        448       
426        1018      
427        521       
428        490       
428        593       
428        609       
429        755       
430        65        
430        205       
430        215       
430        217       
430        588       
430        636       
430        669       
430        1008      
431        49        
431        83        
431        213       
431        222       
431        683       
431        692       
431        716       
433        9         
433        238       
433        321       
433        819       
433        971       
434        135       
435        633       
436        346       
437        173       
437        274       
437        661       
438        536       
439        230       
439        705       
440        96        
440        425       
440        465       
440        716       
440        963       
442        238       
442        310       
443        55        
443        96        
443        239       
443        711       
443        763       
444        651       
444        1010      
445        33        
445        251       
445        356       
445        473       
445        710       
445        806       
445        832       
445        906       
446        171       
447        321       
447        392       
447        586       
448        156       
448        952       
449        184       
449        555       
451        83        
452        26        
452        155       
452        925       
452        1017      
453        536       
453        930       
454        773       
454        825       
454        898       
455        179       
455        487       
455        523       
456        364       
456        793       
456        859       
456        983       
457        17        
457        82        
457        164       
457        168       
457        674       
457        731       
458        94        
458        201       
458        218       
458        378       
459        563       
460        397       
460        432       
460        442       
460        560       
460        935       
460        994       
461        685       
461        731       
461        888       
463        78        
463        666       
463        699       
464        317       
465        210       
465        587       
465        994       
466        599       
467        387       
467        652       
468        315       
468        486       
469        184       
469        762       
470        403       
470        646       
471        395       
471        595       
471        631       
472        133       
472        193       
473        154       
473        423       
473        715       
473        896       
473        906       
474        162       
475        272       
475        743       
476        75        
476        713       
477        41        
477        114       
477        300       
477        573       
478        589       
478        831       
478        969       
479        33        
479        194       
481        210       
481        212       
481        249       
481        669       
482        66        
482        131       
482        226       
482        522       
483        169       
483        666       
483        726       
483        753       
484        41        
484        435       
484        462       
484        721       
485        196       
485        242       
485        689       
486        3         
486        156       
486        1017      
487        945       
488        756       
489        157       
489        192       
489        265       
489        400       
489        571       
490        495       
490        746       
490        941       
491        626       
491        689       
491        779       
492        666       
492        925       
493        26        
493        83        
493        681       
494        175       
495        195       
495        197       
495        235       
495        660       
495        810       
495        899       
496        345       
496        680       
496        683       
497        801       
498        392       
499        175       
499        394       
499        876       
500        415       
501        217       
501        318       
501        706       
501        1007      
502        951       
505        390       
505        536       
505        954       
506        650       
506        989       
507        327       
507        392       
507        706       
508        307       
509        34        
509        79        
509        175       
509        362       
509        475       
509        624       
510        174       
510        199       
510        947       
510        1022      
511        150       
511        628       
511        781       
511        926       
512        209       
512        649       
512        899       
513        857       
515        649       
515        976       
516        794       
517        510       
517        843       
518        785       
519        1002      
520        342       
520        379       
520        720       
520        795       
521        312       
521        471       
521        625       
521        833       
521        947       
522        498       
522        927       
523        377       
523        432       
523        1022      
524        257       
524        917       
524        985       
525        348       
525        863       
526        349       
528        630       
528        869       
529        460       
529        840       
529        909       
529        971       
530        10        
530        979       
531        2         
531        43        
531        96        
532        349       
532        931       
533        321       
533        740       
533        751       
533        850       
534        274       
534        425       
537        120       
540        576       
541        159       
541        323       
541        398       
541        476       
541        780       
542        588       
542        726       
543        626       
544        473       
544        530       
545        332       
547        335       
547        1008      
548        835       
549        360       
549        862       
550        222       
550        559       
551        326       
552        88        
552        502       
552        860       
552        1011      
553        376       
553        842       
556        664       
556        698       
557        913       
559        225       
559        611       
559        983       
561        838       
563        509       
564        443       
564        860       
564        922       
565        441       
565        526       
566        365       
568        937       
569        450       
569        882       
570        302       
571        782       
572        2         
572        542       
572        820       
572        867       
573        395       
573        490       
573        501       
573        737       
573        836       
573        910       
573        966       
574        935       
577        1002      
579        795       
580        136       
580        904       
581        89        
581        888       
582        266       
582        272       
582        342       
582        469       
582        906       
583        831       
583        1003      
584        860       
584        1015      
585        538       
585        857       
586        343       
586        857       
587        409       
587        902       
588        179       
588        1018      
590        355       
591        476       
591        944       
592        361       
592        493       
592        830       
596        197       
597        891       
598        429       
598        920       
599        137       
599        963       
599        1002      
600        786       
601        128       
601        360       
601        384       
601        408       
601        777       
604        343       
605        258       
605        858       
609        788       
610        898       
611        679       
612        211       
612        473       
612        734       
614        414       
614        807       
615        541       
616        948       
617        16        
617        75        
618        451       
619        425       
620        835       
621        571       
621        836       
622        541       
622        692       
623        406       
623        419       
623        666       
623        822       
625        25        
627        957       
628        662       
629        950       
630        805       
631        917       
632        954       
633        595       
633        861       
633        998       
634        417       
636        43        
637        280       
637        339       
639        699       
640        68        
640        466       
640        472       
640        780       
640        890       
641        209       
642        839       
643        150       
643        706       
643        897       
644        86        
645        115       
645        780       
645        824       
646        487       
646        496       
646        798       
646        882       
647        745       
648        257       
648        952       
649        985       
650        192       
650        407       
651        474       
651        767       
652        822       
653        321       
653        330       
653        339       
653        402       
653        468       
653        869       
654        57        
654        246       
654        781       
655        167       
655        211       
655        448       
655        489       
655        629       
655        986       
656        713       
657        754       
658        335       
658        849       
659        491       
659        920       
660        859       
662        394       
662        523       
664        384       
665        199       
665        233       
665        704       
666        971       
667        501       
667        835       
667        843       
667        919       
667        970       
668        865       
671        335       
671        341       
671        389       
671        451       
671        715       
671        781       
671        840       
672        664       
673        771       
673        807       
673        881       
673        1009      
674        190       
674        370       
675        215       
675        871       
676        209       
676        362       
677        798       
677        825       
678        922       
681        449       
681        475       
681        776       
681        788       
682        558       
683        914       
684        208       
684        245       
684        773       
684        974       
685        594       
685        703       
685        1012      
686        663       
686        716       
687        181       
687        346       
687        817       
687        844       
687        971       
688        527       
689        562       
689        845       
689        1000      
690        856       
692        857       
693        284       
693        498       
693        984       
695        410       
695        414       
696        384       
696        930       
698        777       
698        847       
699        838       
699        1023      
700        504       
700        733       
701        814       
701        946       
701        975       
702        935       
703        738       
703        899       
704        441       
704        953       
705        396       
705        745       
706        731       
707        449       
707        515       
707        784       
707        950       
707        1016      
708        226       
708        282       
708        903       
709        273       
711        735       
712        19        
712        281       
712        950       
713        170       
713        263       
713        468       
713        731       
713        985       
715        435       
715        498       
716        535       
716        822       
716        863       
716        937       
716        1012      
717        8         
717        239       
717        445       
717        816       
717        1014      
719        662       
720        81        
720        906       
721        221       
722        138       
722        650       
722        922       
722        987       
724        949       
724        975       
726        416       
728        208       
729        38        
731        424       
731        839       
732        475       
732        779       
734        191       
735        421       
736        265       
736        730       
739        145       
739        296       
739        959       
740        573       
740        936       
741        711       
742        603       
742        997       
743        616       
744        57        
745        430       
745        977       
746        306       
746        987       
748        436       
748        453       
748        729       
749        152       
749        793       
750        280       
751        94        
751        687       
755        174       
755        289       
756        29        
756        329       
756        398       
756        459       
757        19        
757        33        
757        654       
757        810       
758        70        
758        922       
759        264       
760        83        
760        778       
761        33        
761        423       
763        259       
763        651       
763        910       
764        385       
765        392       
765        457       
766        934       
767        934       
767        970       
769        124       
770        111       
771        359       
771        514       
772        95        
772        678       
773        125       
773        540       
773        601       
775        111       
775        940       
776        985       
777        219       
777        714       
778        777       
779        515       
779        536       
780        171       
780        716       
781        713       
781        825       
781        1002      
782        115       
782        143       
782        210       
782        407       
782        591       
783        867       
784        584       
784        608       
786        89        
786        334       
786        705       
786        715       
787        46        
788        411       
788        751       
789        106       
789        857       
791        632       
791        979       
792        99        
792        970       
793        160       
794        9         
794        625       
794        910       
795        457       
795        706       
796        192       
796        955       
797        651       
797        839       
798        1007      
799        321       
799        478       
800        76        
800        211       
801        253       
801        563       
802        681       
804        487       
804        1018      
806        727       
807        530       
808        479       
808        964       
809        127       
810        490       
810        986       
811        157       
811        507       
811        893       
811        954       
812        202       
812        769       
812        863       
813        891       
815        340       
818        464       
818        964       
820        60        
820        587       
820        750       
821        406       
823        719       
824        475       
825        417       
826        835       
827        929       
828        477       
829        200       
829        251       
829        576       
831        4         
831        52        
831        67        
831        92        
834        23        
834        258       
834        978       
836        630       
837        7         
837        189       
837        227       
837        297       
837        596       
839        47        
839        151       
839        341       
840        921       
841        57        
841        125       
841        405       
841        494       
841        641       
842        152       
842        606       
842        712       
843        23        
843        145       
843        938       
844        26        
844        480       
844        607       
845        84        
845        809       
845        891       
845        908       
846        72        
846        459       
846        528       
847        410       
847        537       
847        702       
848        38        
849        682       
850        227       
851        67        
851        415       
852        963       
853        105       
853        205       
854        202       
855        24        
855        783       
856        771       
857        10        
857        286       
857        743       
859        19        
859        602       
860        572       
861        45        
862        337       
862        431       
862        711       
864        893       
865        29        
865        153       
865        635       
866        156       
866        927       
867        539       
867        845       
868        246       
868        424       
868        441       
868        478       
868        698       
869        39        
869        166       
869        750       
870        16        
870        495       
870        685       
870        686       
871        528       
873        201       
874        671       
875        162       
875        1011      
876        93        
876        140       
876        997       
877        168       
877        568       
877        682       
879        407       
879        507       
880        397       
880        416       
881        198       
881        748       
882        443       
883        710       
883        919       
884        32        
884        620       
885        8         
885        321       
885        463       
886        175       
886        449       
886        843       
888        174       
889        523       
889        955       
890        797       
890        850       
890        970       
891        475       
891        769       
892        39        
892        756       
893        209       
893        583       
894        587       
894        903       
895        172       
895        663       
895        749       
896        690       
898        731       
899        135       
899        246       
899        347       
899        607       
899        979       
900        703       
900        742       
901        587       
902        466       
902        905       
902        923       
903        634       
903        921       
903        971       
904        115       
904        344       
904        357       
904        410       
904        1012      
905        82        
905        219       
905        641       
905        667       
905        720       
906        130       
906        210       
906        485       
906        741       
906        857       
907        5         
907        211       
907        650       
907        668       
907        761       
907        931       
908        96        
908        195       
908        283       
908        727       
908        915       
909        276       
909        548       
909        979       
910        169       
910        391       
910        688       
910        766       
912        853       
913        662       
914        667       
914        674       
916        521       
916        925       
916        964       
917        707       
917        750       
919        185       
920        976       
920        997       
921        728       
922        88        
922        755       
924        65        
924        592       
925        240       
925        778       
925        1006      
926        194       
926        246       
926        402       
926        996       
927        69        
927        513       
927        995       
928        240       
928        413       
929        587       
931        724       
932        55        
933        65        
933        188       
934        160       
934        162       
934        290       
934        353       
935        539       
935        990       
936        1013      
937        496       
938        204       
938        627       
938        922       
939        1012      
940        165       
940        744       
940        755       
940        767       
941        114       
941        154       
941        155       
941        255       
941        949       
942        372       
942        742       
942        811       
943        13        
943        326       
944        1010      
945        879       
947        369       
949        136       
950        27        
950        851       
950        966       
950        995       
951        512       
953        217       
953        484       
954        215       
954        227       
954        591       
955        178       
955        849       
957        247       
957        499       
957        788       
958        488       
958        494       
958        580       
958        603       
958        631       
959        334       
959        966       
960        225       
960        448       
961        480       
962        152       
963        183       
963        949       
963        979       
964        475       
964        825       
964        996       
965        139       
965        150       
965        761       
966        504       
966        669       
966        685       
966        775       
967        867       
968        91        
968        488       
968        600       
968        979       
969        119       
969        476       
969        551       
969        977       
971        536       
971        859       
972        5         
972        857       
974        163       
974        183       
974        509       
974        544       
974        734       
976        154       
976        399       
976        802       
977        165       
977        545       
978        59        
978        691       
979        398       
979        426       
979        440       
979        1017      
980        709       
981        170       
981        357       
981        443       
982        653       
982        704       
983        736       
983        964       
984        272       
985        173       
985        687       
986        241       
986        290       
987        579       
987        852       
988        741       
988        969       
989        644       
989        655       
989        932       
989        946       
989        1013      
991        687       
992        160       
992        584       
992        646       
992        929       
993        432       
993        647       
995        223       
995        250       
996        304       
997        50        
997        219       
997        460       
997        605       
997        613       
997        881       
998        155       
998        762       
999        763       
999        949       
1000       389       
1000       535       
1000       764       
1001       122       
1001       410       
1001       464       
1001       722       
1001       755       
1002       52        
1002       536       
1002       666       
1002       717       
1003       705       
1003       1009      
1004       433       
1004       768       
1004       960       
1005       134       
1005       142       
1005       632       
1005       645       
1005       661       
1005       962       
1006       479       
1006       749       
1006       951       
1006       970       
1007       219       
1007       741       
1008       140       
1008       191       
1008       423       
1008       514       
1008       721       
1008       966       
1009       552       
1010       705       
1011       171       
1011       202       
1012       107       
1012       879       
1012       954       
1013       437       
1013       480       
1013       904       
1016       443       
1016       700       
1016       939       
1019       215       
1019       473       
1019       570       
1019       741       
1020       151       
1020       207       
1020       580       
1020       936       
1021       953       
1022       125       
1022       225       
1022       857       
1023       679       
1023       787       
1023       948       
