1          59        
1          1251      
2          213       
2          1148      
2          1585      
2          1720      
4          151       
4          439       
4          1943      
5          100       
5          127       
5          1607      
5          1743      
6          327       
6          767       
6          1228      
7          345       
7          1041      
8          88        
11         1042      
12         344       
12         641       
12         1396      
14         381       
16         199       
16         577       
17         461       
17         815       
17         1357      
18         556       
19         9         
19         1037      
20         1728      
21         183       
21         839       
21         1343      
21         1466      
21         1563      
22         1467      
23         8         
23         605       
24         97        
25         601       
29         91        
29         1255      
31         867       
31         1563      
32         1254      
34         540       
34         1661      
35         598       
36         29        
36         563       
38         1519      
38         1640      
39         15        
39         1579      
40         670       
44         270       
44         366       
44         1253      
45         1644      
48         458       
48         1576      
50         106       
51         1559      
51         1834      
53         293       
55         111       
55         1389      
55         1903      
56         142       
57         75        
64         504       
64         1452      
65         562       
65         1432      
65         1955      
66         1308      
67         74        
67         537       
68         111       
68         331       
69         201       
70         1096      
71         27        
72         856       
75         737       
75         1477      
76         876       
77         537       
79         558       
80         1103      
80         1201      
84         53        
84         65        
84         655       
85         135       
85         1109      
85         1141      
85         1537      
87         42        
87         1024      
87         1059      
88         1251      
88         1321      
88         1733      
90         289       
90         1069      
92         773       
92         1583      
93         308       
93         770       
94         34        
94         387       
95         156       
95         713       
96         563       
99         952       
99         1658      
100        19        
100        112       
100        807       
100        1141      
101        585       
102        1044      
102        1860      
103        550       
104        442       
104        1097      
106        43        
106        86        
107        40        
109        416       
109        1171      
111        725       
112        50        
112        360       
112        1699      
113        266       
114        1564      
116        44        
116        799       
116        1480      
118        857       
119        968       
119        1227      
119        1605      
120        1051      
120        1230      
124        345       
126        596       
126        980       
127        12        
127        60        
128        573       
129        1609      
130        1054      
131        1025      
132        145       
132        413       
132        1260      
132        1569      
133        27        
133        1033      
133        1109      
134        94        
134        1964      
135        543       
135        879       
137        25        
137        350       
138        1175      
140        244       
140        331       
140        528       
140        1454      
140        1916      
141        79        
143        621       
143        1619      
144        708       
145        1036      
146        1105      
147        505       
147        1167      
147        1308      
148        43        
148        1036      
148        1386      
148        1538      
150        1218      
151        5         
151        103       
155        11        
156        103       
156        1649      
157        1602      
158        972       
158        1739      
158        1865      
159        111       
159        1375      
160        639       
161        453       
162        1045      
164        263       
164        541       
164        1265      
164        1561      
165        196       
166        289       
170        841       
170        1417      
172        387       
172        1820      
173        2010      
174        638       
175        649       
175        1112      
176        328       
179        1058      
180        1005      
180        1538      
181        1053      
183        362       
183        1893      
184        367       
184        1351      
187        765       
189        900       
190        42        
191        298       
191        1677      
192        36        
192        170       
192        330       
192        610       
193        857       
193        1302      
194        153       
194        962       
194        1045      
194        1154      
194        1440      
194        1945      
195        46        
195        105       
196        11        
196        168       
196        1073      
197        603       
198        1372      
199        1579      
200        101       
201        189       
201        1307      
204        31        
204        220       
204        333       
204        1366      
204        1591      
205        23        
205        747       
205        1375      
206        287       
206        1556      
207        53        
207        645       
207        890       
208        911       
208        1038      
209        6         
209        11        
209        111       
209        585       
210        331       
210        418       
210        431       
211        457       
211        756       
211        995       
213        1545      
213        1644      
214        12        
214        672       
214        1262      
214        1456      
215        29        
215        1437      
216        18        
216        304       
216        555       
218        1544      
220        2         
220        357       
221        693       
222        181       
223        670       
224        53        
224        313       
225        709       
226        16        
226        144       
226        919       
226        1301      
227        389       
227        1079      
227        1293      
228        1399      
228        1657      
230        1563      
231        160       
231        1298      
233        392       
234        3         
234        878       
235        441       
235        1657      
236        833       
236        1536      
237        287       
240        78        
242        140       
242        506       
244        87        
244        1070      
245        1067      
246        34        
246        591       
246        1316      
247        1051      
247        1062      
247        1710      
249        700       
250        801       
251        622       
251        1309      
252        1678      
253        503       
254        1209      
254        1804      
256        53        
256        1197      
257        364       
258        65        
258        1801      
259        42        
259        48        
260        38        
260        153       
260        1070      
261        1375      
261        1613      
261        1688      
262        67        
262        1331      
262        1653      
263        239       
266        826       
267        769       
269        557       
270        351       
271        1737      
272        30        
272        102       
272        585       
273        1233      
274        101       
274        503       
274        1090      
278        1436      
279        788       
280        874       
282        201       
283        1115      
284        105       
285        566       
286        1228      
287        751       
288        52        
289        1768      
291        261       
292        145       
292        185       
292        320       
292        796       
294        518       
295        451       
298        817       
299        2029      
300        1357      
302        1149      
303        1073      
304        469       
304        2036      
305        27        
306        1452      
308        1771      
309        1223      
309        1829      
311        371       
311        1233      
314        1312      
316        1766      
318        1769      
319        271       
320        207       
324        35        
324        1788      
325        322       
326        513       
327        705       
327        1103      
328        897       
329        797       
329        1117      
330        437       
333        63        
334        45        
335        46        
335        1864      
336        1440      
337        1603      
338        789       
339        49        
339        1100      
339        1305      
340        572       
340        1259      
341        555       
341        1603      
342        205       
342        496       
342        1902      
343        197       
343        277       
343        480       
343        609       
343        1385      
344        1129      
345        31        
346        539       
347        1321      
348        48        
349        321       
350        734       
350        1135      
350        1287      
351        1407      
352        629       
355        13        
357        1806      
358        182       
358        651       
358        1636      
360        504       
362        95        
366        7         
368        57        
368        1359      
368        1670      
368        1923      
369        1226      
372        1215      
373        1868      
375        1925      
376        62        
377        97        
377        477       
382        1037      
382        1868      
384        1587      
385        68        
385        1102      
385        1222      
386        90        
387        362       
388        415       
388        565       
388        671       
388        734       
388        1008      
388        1551      
389        524       
389        1203      
389        1331      
389        1412      
390        713       
391        160       
391        748       
391        1389      
391        1976      
392        688       
392        1078      
392        1728      
394        25        
394        120       
394        340       
394        713       
395        613       
396        223       
396        324       
396        748       
396        1647      
396        2012      
397        712       
398        529       
399        287       
400        217       
400        425       
400        1617      
401        1035      
401        1587      
401        1616      
402        620       
402        731       
404        1622      
405        590       
405        1609      
406        357       
406        557       
406        1037      
407        283       
409        134       
409        1741      
410        230       
412        493       
412        750       
412        1607      
413        322       
413        420       
414        929       
414        1059      
414        1677      
414        1775      
415        254       
417        1105      
417        1823      
418        1128      
419        95        
420        906       
421        1101      
421        1165      
422        590       
422        620       
424        1349      
425        1560      
426        724       
428        1476      
428        1885      
429        356       
429        485       
429        1557      
431        1117      
431        1408      
432        526       
433        841       
433        1209      
434        1388      
437        1645      
438        55        
438        1537      
440        1028      
446        717       
447        751       
448        1365      
450        581       
450        1052      
450        1197      
450        1201      
452        43        
452        413       
453        19        
453        1209      
454        837       
454        1093      
454        1117      
454        1243      
454        1555      
454        1678      
455        8         
455        153       
455        1091      
455        1629      
456        372       
456        810       
456        1208      
459        1583      
460        127       
460        204       
460        1143      
461        567       
461        2046      
462        1751      
462        1757      
463        50        
463        601       
466        13        
466        200       
466        538       
466        1027      
467        35        
467        1323      
468        35        
468        1028      
468        1954      
469        1512      
470        125       
470        173       
471        647       
472        452       
473        3         
474        139       
475        1644      
476        132       
476        462       
476        1078      
476        1683      
477        2001      
479        278       
480        577       
480        584       
480        998       
480        1930      
481        1243      
482        359       
483        608       
484        1621      
484        2007      
486        223       
486        805       
486        1384      
486        1608      
487        13        
487        139       
487        1307      
488        960       
488        1343      
488        1546      
489        42        
489        1945      
493        82        
494        447       
494        1053      
494        1907      
495        514       
495        757       
495        1680      
496        30        
496        519       
496        526       
496        1543      
497        1609      
498        1044      
499        352       
499        502       
500        284       
501        173       
501        1357      
501        1679      
502        78        
503        1593      
504        12        
505        514       
506        1102      
507        1008      
508        173       
510        14        
510        356       
510        597       
511        344       
513        90        
513        190       
514        202       
514        316       
514        1396      
515        59        
515        368       
516        303       
516        708       
517        253       
517        524       
517        537       
517        1221      
518        31        
518        64        
518        310       
518        864       
518        2023      
519        1061      
520        841       
521        248       
521        1819      
522        1109      
523        43        
523        1314      
524        302       
527        1407      
528        77        
528        98        
528        864       
528        1161      
528        1561      
531        32        
532        533       
532        1643      
533        657       
534        126       
535        846       
535        1359      
535        1548      
538        576       
540        121       
540        349       
540        1100      
541        361       
541        603       
541        859       
542        67        
542        845       
543        1511      
544        519       
544        1139      
545        597       
546        41        
546        856       
546        1918      
547        363       
548        1107      
549        1661      
549        1853      
550        767       
551        207       
551        589       
554        929       
556        1402      
558        398       
560        72        
560        791       
561        366       
561        993       
562        680       
562        1759      
562        1832      
563        933       
564        1157      
564        1631      
564        1727      
565        1067      
567        1974      
570        65        
571        249       
571        779       
572        736       
572        1644      
573        1482      
574        617       
575        652       
575        1485      
576        57        
576        59        
576        1159      
578        131       
580        49        
580        1732      
581        527       
581        623       
581        809       
581        1809      
582        280       
583        1341      
583        1372      
584        403       
584        557       
584        1550      
585        875       
587        264       
587        580       
588        107       
588        557       
588        784       
590        38        
590        1253      
592        328       
592        1005      
592        1321      
593        519       
593        1031      
594        233       
594        737       
595        582       
595        648       
595        1537      
596        110       
596        259       
596        1009      
596        1909      
597        293       
598        527       
598        908       
598        1024      
598        1636      
599        36        
599        113       
601        1610      
604        653       
604        761       
604        1284      
604        1311      
604        1614      
605        589       
606        623       
606        766       
606        1620      
608        397       
610        608       
611        692       
611        854       
612        648       
612        662       
612        1327      
613        517       
613        771       
613        1382      
614        1563      
614        1871      
615        13        
615        266       
615        709       
615        1293      
615        1492      
616        1641      
616        1870      
618        794       
619        1626      
620        49        
620        1052      
621        822       
622        364       
622        743       
622        1368      
624        769       
624        1332      
624        1577      
624        1613      
624        1733      
626        142       
629        76        
629        553       
629        1547      
630        331       
630        989       
632        626       
635        1983      
636        270       
636        1418      
638        77        
638        646       
641        1391      
641        1531      
642        688       
642        1490      
642        1836      
644        1095      
644        1638      
646        222       
646        527       
646        1223      
646        1337      
646        1565      
646        1595      
647        40        
647        85        
647        879       
648        268       
648        626       
648        1595      
649        137       
650        1265      
652        150       
652        546       
652        780       
652        843       
652        911       
654        478       
654        1948      
656        737       
656        1122      
656        1421      
656        1551      
657        1035      
658        235       
658        317       
658        489       
658        688       
660        139       
660        1071      
660        1656      
660        1768      
660        1892      
661        111       
661        319       
661        956       
661        1134      
663        440       
663        518       
664        1241      
664        1793      
665        1579      
667        49        
668        810       
668        1995      
669        343       
669        776       
670        659       
671        1095      
673        373       
673        599       
673        1111      
674        1763      
675        332       
675        395       
676        1268      
676        1798      
677        119       
677        234       
677        381       
677        512       
677        686       
677        720       
677        1502      
677        1812      
678        1596      
678        1997      
679        1830      
680        536       
682        427       
688        449       
688        1602      
688        1805      
689        585       
690        932       
690        948       
692        662       
692        781       
692        833       
693        0         
693        526       
694        1585      
695        472       
695        519       
695        1350      
696        781       
697        101       
699        1094      
701        628       
701        841       
701        1655      
702        35        
702        75        
702        300       
703        95        
703        1037      
704        204       
704        428       
704        1930      
706        58        
706        426       
706        670       
706        1230      
706        1510      
706        1790      
707        27        
707        68        
707        93        
707        369       
707        1316      
708        108       
708        118       
708        309       
708        713       
709        326       
709        481       
709        1302      
710        37        
710        167       
710        184       
710        378       
710        874       
710        958       
710        1537      
710        1562      
710        1818      
711        119       
711        987       
711        1053      
711        1245      
711        1304      
711        1316      
711        1793      
712        568       
713        957       
714        141       
714        629       
716        77        
716        125       
716        274       
716        920       
717        47        
717        157       
717        735       
718        269       
718        674       
718        849       
718        1901      
720        18        
720        536       
720        1542      
720        1576      
721        149       
721        195       
721        2013      
722        1411      
722        1455      
722        1634      
723        128       
723        386       
723        765       
723        869       
723        1542      
724        38        
724        71        
724        349       
724        364       
724        1070      
724        1134      
725        261       
725        591       
726        381       
726        1865      
727        518       
727        1897      
728        120       
728        336       
728        752       
729        1034      
732        1083      
735        716       
737        1093      
737        1673      
738        197       
738        699       
740        159       
740        709       
741        135       
742        149       
742        1044      
742        1075      
743        140       
743        268       
743        404       
744        1640      
746        1926      
747        1244      
748        1102      
748        1461      
748        1630      
749        474       
749        1662      
749        1974      
749        2009      
750        1536      
751        2         
751        1393      
752        1657      
753        475       
753        1384      
753        1951      
754        297       
754        1647      
754        1991      
756        166       
756        321       
756        323       
756        1575      
756        1878      
757        91        
757        1611      
758        427       
758        450       
759        40        
762        932       
763        192       
763        1481      
764        276       
764        676       
768        809       
769        595       
769        649       
769        1045      
769        1240      
769        1587      
769        1731      
770        591       
771        1055      
772        80        
772        1163      
773        137       
775        593       
775        648       
775        861       
776        155       
776        363       
776        840       
777        706       
777        1272      
778        1802      
779        521       
781        1457      
782        145       
782        535       
782        919       
782        1446      
783        102       
783        845       
784        69        
784        1087      
784        1090      
785        140       
786        1080      
787        524       
787        1518      
788        72        
788        1039      
789        542       
789        775       
789        1041      
789        1101      
790        525       
790        1389      
790        1615      
791        374       
791        521       
793        1355      
796        41        
796        42        
796        1156      
797        28        
798        1318      
799        1071      
800        147       
801        321       
802        5         
802        553       
804        1899      
805        1605      
806        1063      
806        1445      
807        1783      
808        185       
808        212       
809        568       
810        1097      
811        136       
812        586       
812        844       
814        649       
814        858       
815        579       
816        1740      
817        1641      
818        33        
819        47        
819        106       
820        776       
820        1992      
821        200       
821        635       
823        488       
823        1126      
824        717       
826        1025      
826        1845      
827        1340      
829        683       
830        122       
831        1765      
832        10        
832        1152      
833        197       
834        552       
835        966       
835        1077      
835        1517      
836        1279      
837        633       
837        1312      
838        177       
838        416       
838        1079      
838        1145      
838        1305      
840        397       
842        111       
842        170       
843        1103      
844        679       
845        652       
847        29        
847        969       
848        1185      
848        1305      
849        845       
849        1926      
850        1275      
851        569       
851        806       
851        1114      
852        559       
852        999       
853        772       
853        984       
854        585       
855        32        
855        525       
855        676       
856        1429      
856        1729      
857        1137      
859        1808      
860        775       
860        1551      
861        1241      
862        1228      
863        1410      
864        285       
864        817       
864        1576      
865        238       
865        1908      
866        837       
866        877       
866        1149      
866        1789      
867        100       
867        1545      
868        117       
868        202       
868        413       
868        949       
868        956       
868        1022      
868        1651      
868        1695      
869        149       
869        286       
869        682       
870        1534      
871        1704      
872        665       
874        16        
876        180       
878        799       
878        833       
880        803       
880        1105      
880        1516      
880        1905      
882        17        
882        1860      
884        535       
884        623       
884        692       
884        1543      
885        66        
885        96        
885        141       
885        1577      
887        526       
887        1137      
887        1181      
892        260       
892        641       
892        871       
894        815       
895        322       
895        564       
895        779       
896        126       
896        816       
896        1171      
896        1765      
897        55        
897        985       
897        1683      
898        25        
898        1019      
899        622       
900        19        
900        84        
900        110       
900        567       
900        860       
900        964       
900        1109      
900        1328      
900        1342      
901        141       
901        623       
901        636       
902        489       
902        549       
902        560       
905        29        
906        1584      
909        395       
909        1037      
909        1223      
910        1116      
910        1247      
910        1716      
911        43        
911        1512      
911        1710      
912        611       
912        751       
913        89        
913        1612      
914        16        
914        62        
914        621       
914        800       
914        891       
916        71        
916        588       
916        724       
916        1550      
916        1579      
916        1902      
917        1         
917        566       
917        1134      
918        333       
918        1997      
919        220       
919        813       
919        955       
919        1094      
919        1909      
919        1995      
920        1115      
923        403       
924        168       
924        607       
924        1036      
925        159       
925        583       
925        605       
925        611       
925        639       
926        93        
927        984       
929        1168      
930        603       
932        124       
932        1481      
933        715       
933        1261      
933        1665      
933        2013      
934        637       
934        805       
935        539       
936        1106      
937        59        
938        1234      
939        574       
940        107       
940        729       
940        1359      
940        1950      
944        522       
945        1580      
945        1784      
946        0         
947        1101      
947        1571      
948        55        
948        367       
948        879       
948        1609      
948        1723      
948        1961      
949        1247      
949        1661      
950        1160      
953        140       
956        541       
956        644       
956        1262      
958        1636      
960        264       
960        387       
960        601       
960        1132      
960        1618      
960        1717      
961        424       
961        541       
962        50        
962        1809      
963        1147      
964        69        
964        149       
964        171       
964        417       
964        600       
964        869       
965        14        
965        59        
965        84        
965        1580      
965        1589      
965        1597      
966        109       
966        150       
966        772       
966        955       
966        1148      
966        1198      
966        1667      
967        86        
967        282       
967        604       
967        623       
967        1119      
967        2039      
970        1430      
972        14        
972        839       
972        1688      
973        167       
973        685       
974        1755      
975        919       
975        1155      
975        1287      
977        1539      
977        2017      
978        1107      
978        1359      
979        1099      
979        1741      
980        12        
980        513       
980        564       
980        1573      
980        1847      
981        36        
981        1103      
981        1185      
981        1723      
982        97        
982        140       
982        495       
982        1435      
983        548       
983        1151      
983        1199      
983        1230      
983        1861      
984        89        
985        486       
985        1105      
985        1837      
987        2031      
988        300       
988        614       
989        597       
989        1024      
989        1285      
990        303       
992        27        
992        1098      
992        1674      
993        9         
994        1319      
995        45        
995        1044      
996        1816      
997        189       
997        650       
997        749       
997        827       
997        1055      
997        1600      
998        73        
998        1621      
999        1546      
1001       1205      
1002       1843      
1002       2003      
1004       407       
1004       461       
1004       585       
1004       1598      
1004       1692      
1006       221       
1006       1422      
1009       614       
1009       1676      
1010       517       
1012       16        
1012       1415      
1012       1570      
1013       226       
1015       662       
1015       1444      
1016       220       
1017       67        
1017       1608      
1017       1615      
1019       624       
1020       622       
1021       556       
1022       644       
1024       131       
1024       613       
1024       715       
1025       531       
1025       1805      
1026       685       
1026       1635      
1027       371       
1027       1544      
1027       1549      
1028       223       
1028       298       
1028       525       
1028       604       
1028       776       
1028       821       
1028       1412      
1029       126       
1029       381       
1029       1085      
1029       1837      
1030       1119      
1031       106       
1031       459       
1031       1908      
1032       82        
1032       539       
1032       1656      
1033       291       
1036       734       
1039       1613      
1039       1614      
1041       711       
1041       868       
1041       889       
1041       1103      
1041       1146      
1041       1804      
1041       1993      
1042       285       
1042       1032      
1042       1646      
1042       1709      
1043       359       
1043       1541      
1043       1742      
1044       38        
1044       81        
1044       395       
1044       398       
1044       719       
1044       748       
1045       169       
1045       541       
1045       1031      
1045       1244      
1046       53        
1046       840       
1046       1861      
1047       669       
1047       1369      
1048       25        
1048       587       
1048       1615      
1049       615       
1049       1253      
1052       573       
1052       1302      
1053       1551      
1054       14        
1055       1326      
1055       1516      
1055       1685      
1056       101       
1056       680       
1056       1605      
1056       2011      
1057       160       
1058       543       
1058       825       
1058       1839      
1059       241       
1059       270       
1059       387       
1059       1593      
1060       346       
1060       1673      
1060       1847      
1061       1389      
1062       516       
1062       854       
1062       1256      
1064       25        
1064       223       
1067       334       
1068       476       
1068       1049      
1068       1355      
1069       1071      
1069       1210      
1072       464       
1072       1129      
1072       1987      
1073       576       
1073       1281      
1073       1721      
1074       211       
1074       534       
1074       1217      
1075       45        
1076       1836      
1077       315       
1077       1054      
1078       400       
1079       764       
1079       1344      
1080       30        
1080       153       
1080       481       
1081       10        
1081       700       
1082       610       
1082       1585      
1084       1262      
1086       141       
1088       137       
1088       409       
1089       10        
1089       1097      
1090       9         
1090       1875      
1090       1953      
1090       2015      
1091       177       
1091       237       
1091       785       
1091       1646      
1092       237       
1092       573       
1092       607       
1092       636       
1092       768       
1092       1126      
1092       1292      
1092       1617      
1093       264       
1093       299       
1093       1107      
1093       1589      
1094       110       
1094       363       
1094       453       
1094       617       
1094       658       
1094       988       
1094       1072      
1094       1167      
1094       1800      
1095       512       
1095       1334      
1095       1837      
1096       259       
1097       702       
1097       823       
1097       1559      
1098       112       
1098       681       
1100       187       
1100       347       
1100       1197      
1101       790       
1101       1759      
1102       1545      
1103       1486      
1104       1165      
1105       17        
1105       650       
1105       1197      
1105       1881      
1106       403       
1106       515       
1106       809       
1106       1043      
1106       1269      
1106       1325      
1106       1412      
1106       1859      
1107       256       
1107       433       
1107       701       
1107       1055      
1107       1419      
1107       2028      
1108       1221      
1108       1632      
1108       2025      
1108       2044      
1109       13        
1109       1373      
1109       1711      
1110       108       
1110       228       
1110       1183      
1110       1239      
1110       1613      
1110       1635      
1110       1822      
1111       100       
1111       1421      
1111       1474      
1112       1381      
1112       1606      
1113       22        
1113       1291      
1113       1647      
1114       235       
1114       1422      
1114       1592      
1115       103       
1115       292       
1115       1879      
1116       8         
1116       86        
1117       548       
1117       754       
1118       0         
1118       1109      
1118       1390      
1118       1921      
1119       399       
1119       1444      
1119       1678      
1120       240       
1120       1275      
1120       1521      
1120       1649      
1120       1791      
1121       1345      
1122       57        
1122       1116      
1123       522       
1123       1472      
1124       1044      
1125       427       
1125       582       
1125       1193      
1125       1535      
1125       1565      
1125       1606      
1126       133       
1126       529       
1126       553       
1128       1219      
1128       1434      
1129       275       
1129       671       
1130       12        
1130       1362      
1132       998       
1132       1597      
1133       803       
1135       748       
1135       791       
1135       928       
1135       1232      
1136       1053      
1137       524       
1138       417       
1139       584       
1140       46        
1140       135       
1140       259       
1140       299       
1140       804       
1140       1364      
1141       661       
1141       1805      
1142       10        
1142       342       
1142       621       
1142       1029      
1142       1158      
1142       1855      
1143       821       
1143       1035      
1143       1307      
1144       1087      
1145       1247      
1145       1549      
1145       1833      
1147       10        
1148       1742      
1149       44        
1149       587       
1150       1615      
1150       1717      
1154       330       
1154       743       
1154       1752      
1155       77        
1156       217       
1156       764       
1156       1337      
1157       293       
1157       371       
1157       532       
1157       701       
1157       892       
1157       1669      
1157       1739      
1157       2046      
1158       13        
1158       29        
1158       332       
1158       1261      
1159       57        
1159       271       
1159       1231      
1159       1578      
1159       1989      
1160       44        
1160       106       
1160       1633      
1161       1122      
1162       1058      
1163       707       
1164       448       
1164       1502      
1164       1657      
1165       845       
1166       347       
1166       1025      
1167       1068      
1168       169       
1168       545       
1169       946       
1169       1583      
1169       1731      
1170       5         
1170       570       
1170       805       
1170       1589      
1171       1197      
1172       31        
1172       124       
1172       264       
1172       1921      
1173       25        
1173       125       
1173       200       
1173       479       
1173       773       
1173       1031      
1173       1933      
1173       1948      
1174       5         
1174       133       
1174       867       
1174       947       
1174       1732      
1175       297       
1175       368       
1175       417       
1175       1093      
1178       72        
1178       124       
1179       1029      
1180       569       
1180       1612      
1181       775       
1181       1039      
1181       1113      
1182       971       
1182       1097      
1182       1481      
1182       1647      
1182       1769      
1182       1991      
1183       58        
1184       581       
1184       1610      
1186       134       
1186       1011      
1186       1848      
1187       41        
1187       136       
1187       370       
1187       619       
1187       1371      
1187       1489      
1188       54        
1188       210       
1188       557       
1188       841       
1188       1019      
1188       1572      
1188       1836      
1189       1147      
1189       1393      
1190       693       
1191       552       
1191       1601      
1191       1647      
1191       1846      
1192       241       
1193       298       
1194       1926      
1195       857       
1195       1122      
1196       1668      
1197       1847      
1198       558       
1198       1033      
1199       357       
1199       649       
1200       280       
1200       844       
1200       1096      
1200       1314      
1201       258       
1201       2029      
1202       67        
1202       457       
1202       1552      
1202       1864      
1203       527       
1204       174       
1204       654       
1204       899       
1204       1537      
1205       320       
1205       1288      
1205       1339      
1205       1473      
1205       1996      
1207       723       
1208       386       
1208       1318      
1208       1432      
1209       460       
1209       643       
1209       1708      
1212       42        
1212       1218      
1212       1546      
1212       1776      
1213       964       
1214       1507      
1215       1670      
1216       0         
1216       344       
1216       707       
1216       1297      
1216       1643      
1216       1678      
1216       1787      
1216       1802      
1216       1819      
1217       779       
1217       2047      
1218       1153      
1218       1381      
1218       1457      
1218       1562      
1218       1769      
1219       1055      
1219       1432      
1220       794       
1220       927       
1220       1293      
1220       1390      
1221       665       
1221       742       
1221       772       
1221       1145      
1221       1854      
1222       158       
1222       565       
1222       1295      
1222       1641      
1222       1808      
1223       620       
1223       791       
1223       903       
1223       1167      
1223       1497      
1223       1568      
1224       299       
1228       327       
1228       1286      
1229       1385      
1230       57        
1230       150       
1230       717       
1230       1220      
1232       237       
1232       1652      
1233       37        
1233       427       
1233       525       
1233       1677      
1234       1357      
1235       2026      
1236       203       
1236       386       
1236       877       
1236       1043      
1236       1703      
1237       180       
1237       1077      
1237       1165      
1237       1309      
1237       1591      
1237       1611      
1238       231       
1238       654       
1238       773       
1238       1037      
1238       1433      
1238       1592      
1239       125       
1239       531       
1239       655       
1239       1802      
1239       1935      
1240       87        
1240       661       
1240       1515      
1240       2027      
1241       284       
1241       331       
1242       1283      
1242       1597      
1244       197       
1244       364       
1244       1703      
1244       1801      
1244       1952      
1244       1953      
1245       133       
1245       172       
1245       1217      
1246       1145      
1246       1262      
1246       1870      
1246       2040      
1247       1662      
1248       121       
1248       638       
1248       1051      
1249       30        
1249       1665      
1250       175       
1251       414       
1251       1561      
1251       2013      
1252       85        
1252       169       
1252       269       
1252       527       
1252       740       
1252       955       
1252       1211      
1252       1759      
1253       205       
1253       227       
1253       699       
1253       1095      
1253       1286      
1253       1609      
1254       581       
1254       616       
1254       1354      
1254       1405      
1254       1453      
1254       1678      
1255       25        
1255       37        
1255       632       
1255       669       
1255       765       
1255       1389      
1255       1958      
1256       293       
1257       569       
1257       636       
1260       856       
1260       1124      
1260       1140      
1261       10        
1261       88        
1261       1668      
1262       23        
1262       332       
1262       585       
1262       815       
1262       1336      
1262       1407      
1262       1591      
1263       35        
1263       799       
1263       1174      
1265       102       
1265       1345      
1266       264       
1266       441       
1266       449       
1266       1283      
1267       100       
1267       225       
1267       451       
1267       569       
1267       812       
1268       31        
1268       294       
1268       296       
1268       828       
1268       842       
1268       1130      
1268       1241      
1268       1248      
1268       1681      
1268       1802      
1269       171       
1269       1069      
1269       1219      
1269       1806      
1270       189       
1270       420       
1270       470       
1270       606       
1270       1296      
1271       461       
1272       773       
1273       606       
1273       1193      
1273       1289      
1274       910       
1276       525       
1276       1301      
1277       412       
1279       1302      
1279       1804      
1280       78        
1280       343       
1280       739       
1280       1119      
1280       1395      
1281       25        
1281       459       
1282       658       
1283       1877      
1284       150       
1284       333       
1284       716       
1284       1579      
1285       855       
1285       1084      
1285       1653      
1286       81        
1286       376       
1286       1052      
1286       1491      
1287       743       
1288       219       
1288       666       
1288       683       
1288       1425      
1288       1560      
1289       1117      
1292       683       
1293       1070      
1295       502       
1296       987       
1296       1609      
1298       169       
1298       1666      
1298       1695      
1299       91        
1299       1929      
1300       635       
1300       740       
1300       1165      
1300       1173      
1301       1060      
1301       1607      
1302       356       
1303       7         
1303       610       
1303       784       
1303       1283      
1304       101       
1304       232       
1304       285       
1305       552       
1305       1657      
1306       170       
1307       107       
1308       247       
1308       364       
1308       583       
1308       592       
1308       622       
1310       92        
1311       259       
1311       262       
1311       1876      
1312       758       
1313       73        
1313       1600      
1314       158       
1316       1164      
1316       1212      
1316       1381      
1316       1567      
1316       1577      
1317       1127      
1317       1542      
1318       10        
1318       1182      
1319       1247      
1319       1445      
1320       202       
1320       368       
1320       685       
1320       988       
1321       108       
1321       1210      
1321       1579      
1322       989       
1324       1055      
1325       352       
1325       443       
1326       277       
1327       1620      
1328       81        
1328       394       
1328       1069      
1328       1125      
1329       618       
1329       1060      
1330       344       
1330       902       
1330       1867      
1330       2009      
1331       15        
1332       169       
1332       1572      
1333       1127      
1334       441       
1334       1546      
1336       605       
1336       696       
1338       521       
1338       1017      
1338       1673      
1340       11        
1340       1111      
1341       618       
1341       1896      
1343       1101      
1344       5         
1344       1366      
1344       1977      
1345       217       
1346       1753      
1347       1664      
1348       322       
1348       1055      
1348       1301      
1348       1380      
1348       1607      
1348       1806      
1349       747       
1350       776       
1350       1341      
1351       1241      
1352       7         
1352       318       
1352       621       
1352       1876      
1353       1561      
1354       546       
1355       586       
1355       822       
1355       1401      
1356       60        
1357       697       
1357       825       
1357       1133      
1357       1480      
1358       289       
1358       429       
1359       1326      
1360       617       
1360       668       
1360       1069      
1360       1086      
1360       1182      
1361       78        
1361       996       
1361       1125      
1362       739       
1362       1050      
1362       1586      
1363       109       
1363       223       
1363       940       
1363       1028      
1364       531       
1364       1068      
1364       1261      
1365       38        
1366       139       
1366       1060      
1367       25        
1367       831       
1367       1097      
1367       1218      
1368       974       
1368       1039      
1369       344       
1369       653       
1369       1293      
1370       268       
1370       1034      
1371       38        
1371       1089      
1372       45        
1372       143       
1372       683       
1372       1038      
1372       1164      
1372       1804      
1373       1045      
1373       1118      
1374       383       
1375       334       
1375       557       
1376       553       
1376       1703      
1377       569       
1377       670       
1379       1048      
1380       69        
1380       300       
1380       309       
1380       1314      
1381       58        
1381       1495      
1382       1552      
1382       1824      
1383       1292      
1383       1357      
1383       1411      
1385       1286      
1386       610       
1386       987       
1387       1558      
1388       1181      
1389       669       
1389       1101      
1389       1329      
1389       1807      
1390       23        
1390       726       
1391       689       
1391       1644      
1392       450       
1394       15        
1394       793       
1396       1158      
1397       49        
1397       587       
1397       715       
1397       750       
1397       804       
1397       1075      
1398       202       
1398       551       
1399       64        
1399       266       
1399       433       
1399       1160      
1400       106       
1400       233       
1400       663       
1401       1037      
1401       1063      
1402       544       
1402       1222      
1404       265       
1404       783       
1404       805       
1404       842       
1404       1040      
1404       1297      
1404       1652      
1405       1398      
1405       1663      
1406       1333      
1408       516       
1409       1730      
1410       476       
1410       1025      
1410       1612      
1410       1786      
1411       97        
1411       1735      
1412       95        
1412       117       
1412       228       
1412       261       
1412       555       
1412       1392      
1412       1829      
1413       61        
1413       77        
1413       838       
1413       1488      
1413       1565      
1413       1944      
1414       284       
1414       1033      
1414       1060      
1414       1151      
1414       1183      
1414       1624      
1415       601       
1415       1041      
1415       1869      
1416       1049      
1416       1103      
1416       1917      
1417       1043      
1417       1670      
1418       92        
1418       1322      
1418       1331      
1419       616       
1419       1649      
1420       1071      
1420       1078      
1420       1239      
1420       1700      
1420       1814      
1421       1177      
1421       1483      
1421       1986      
1422       343       
1423       1215      
1424       111       
1424       451       
1424       757       
1424       2011      
1425       536       
1426       239       
1426       385       
1426       1219      
1428       297       
1428       550       
1428       678       
1428       769       
1428       1378      
1428       1503      
1428       1661      
1429       482       
1429       839       
1429       1099      
1430       45        
1430       101       
1430       212       
1430       487       
1430       1091      
1430       1101      
1430       1543      
1430       1599      
1430       1870      
1432       1327      
1432       1963      
1433       1064      
1433       1122      
1434       355       
1434       617       
1434       1355      
1436       84        
1436       130       
1436       492       
1436       579       
1437       111       
1437       1288      
1437       1639      
1438       1180      
1438       1709      
1439       65        
1439       199       
1439       540       
1439       873       
1440       571       
1440       1247      
1440       1847      
1442       9         
1442       536       
1442       761       
1442       1981      
1444       31        
1444       134       
1444       190       
1444       203       
1444       676       
1445       607       
1445       797       
1446       124       
1446       924       
1446       1572      
1446       1645      
1447       163       
1447       264       
1447       1871      
1452       319       
1452       1480      
1454       917       
1454       1040      
1455       77        
1455       1883      
1456       1564      
1457       1878      
1458       8         
1458       1802      
1459       31        
1459       194       
1459       1792      
1460       1129      
1460       1449      
1461       216       
1461       572       
1461       785       
1461       1800      
1461       1887      
1462       99        
1463       1224      
1464       1450      
1465       1504      
1465       1602      
1466       12        
1466       197       
1467       107       
1468       76        
1468       449       
1468       1101      
1468       1477      
1469       71        
1469       136       
1469       792       
1472       32        
1472       116       
1472       896       
1473       126       
1473       1801      
1474       119       
1474       545       
1474       547       
1474       845       
1474       1625      
1475       2         
1475       831       
1476       269       
1476       302       
1476       666       
1476       1028      
1476       1542      
1476       1555      
1476       1809      
1477       26        
1477       155       
1477       236       
1477       467       
1477       1228      
1477       1798      
1478       32        
1478       597       
1478       712       
1479       21        
1479       669       
1479       847       
1479       929       
1479       1277      
1479       1749      
1480       1149      
1480       1196      
1481       111       
1481       219       
1481       1617      
1482       137       
1482       283       
1482       722       
1483       570       
1483       984       
1483       1640      
1484       41        
1484       914       
1484       1306      
1484       1921      
1485       23        
1485       1107      
1486       100       
1486       730       
1486       1421      
1486       1630      
1487       874       
1487       983       
1488       1041      
1488       1357      
1488       1682      
1488       1803      
1489       526       
1489       609       
1489       769       
1489       1032      
1490       1158      
1491       204       
1491       1834      
1492       79        
1492       340       
1492       520       
1492       769       
1492       1184      
1493       689       
1493       725       
1493       1141      
1493       1583      
1494       521       
1494       1764      
1495       1699      
1496       1417      
1497       130       
1497       1450      
1497       1965      
1498       1090      
1498       1618      
1499       1194      
1500       12        
1500       556       
1500       1820      
1500       1837      
1501       625       
1501       1053      
1501       1555      
1501       1562      
1506       849       
1506       1433      
1508       82        
1508       583       
1508       910       
1509       507       
1509       819       
1509       1543      
1510       77        
1510       121       
1511       1057      
1511       1094      
1512       63        
1513       177       
1513       334       
1514       29        
1515       602       
1516       1084      
1516       1552      
1517       682       
1518       180       
1519       31        
1519       1536      
1520       195       
1520       1026      
1520       1230      
1521       1342      
1522       231       
1523       1793      
1524       101       
1524       369       
1524       579       
1524       1190      
1524       1609      
1526       69        
1526       463       
1526       641       
1527       1070      
1527       1284      
1529       1487      
1530       984       
1531       552       
1532       26        
1532       734       
1532       879       
1533       135       
1533       557       
1533       2003      
1534       590       
1535       1540      
1536       304       
1536       539       
1536       813       
1536       858       
1536       993       
1536       1134      
1536       1145      
1536       1484      
1536       1872      
1536       1895      
1537       14        
1537       393       
1538       862       
1538       1661      
1540       68        
1540       133       
1540       142       
1540       193       
1540       234       
1540       688       
1540       745       
1540       819       
1540       844       
1540       1001      
1540       1804      
1541       101       
1541       263       
1541       1069      
1541       1247      
1541       1591      
1542       190       
1542       557       
1542       719       
1543       1279      
1543       1552      
1543       1668      
1544       850       
1544       1985      
1545       895       
1545       1563      
1545       1941      
1546       1381      
1547       1564      
1548       558       
1548       937       
1549       33        
1549       1785      
1550       1117      
1550       1153      
1551       160       
1552       1318      
1553       7         
1553       871       
1554       1347      
1554       1610      
1555       1593      
1556       385       
1556       701       
1556       1351      
1556       1670      
1556       1887      
1557       13        
1557       260       
1557       645       
1557       1132      
1557       2029      
1558       79        
1558       354       
1558       459       
1558       1388      
1558       1583      
1559       331       
1559       588       
1559       1445      
1559       1480      
1559       1730      
1559       1793      
1563       61        
1563       73        
1563       446       
1563       1063      
1564       335       
1564       1007      
1565       588       
1565       1153      
1565       1477      
1566       845       
1566       1101      
1566       1325      
1567       906       
1568       282       
1568       662       
1568       1089      
1568       1893      
1569       1241      
1570       90        
1571       1947      
1572       1567      
1572       1613      
1573       91        
1574       829       
1575       65        
1575       549       
1575       849       
1575       1659      
1577       331       
1577       521       
1580       34        
1580       532       
1582       1520      
1583       1030      
1584       267       
1584       512       
1584       522       
1584       1551      
1585       559       
1587       414       
1588       44        
1588       836       
1588       1896      
1589       794       
1589       1570      
1590       205       
1590       333       
1590       1538      
1590       1612      
1591       1129      
1591       1577      
1591       1641      
1592       395       
1592       1179      
1592       1832      
1595       1965      
1596       371       
1596       1121      
1596       1538      
1598       670       
1600       465       
1600       502       
1601       57        
1601       1609      
1601       1819      
1602       27        
1602       1579      
1603       264       
1603       513       
1604       21        
1604       152       
1604       1673      
1604       1686      
1604       1804      
1605       1084      
1606       463       
1606       758       
1606       1901      
1607       47        
1607       1398      
1607       1836      
1608       914       
1608       1578      
1608       2029      
1609       973       
1610       536       
1610       1241      
1611       1405      
1613       813       
1613       1158      
1613       1699      
1613       1800      
1614       88        
1614       624       
1615       660       
1615       988       
1615       1599      
1616       15        
1616       22        
1616       491       
1616       521       
1616       1387      
1616       1476      
1617       525       
1618       586       
1618       1939      
1619       0         
1619       14        
1619       80        
1620       38        
1620       267       
1621       39        
1621       605       
1621       650       
1621       821       
1622       614       
1622       1282      
1623       1070      
1623       1185      
1623       1547      
1623       1856      
1624       715       
1624       1089      
1625       44        
1625       521       
1625       653       
1625       2027      
1626       1499      
1626       1543      
1627       94        
1627       932       
1627       1274      
1628       10        
1628       262       
1629       33        
1629       191       
1630       70        
1630       1659      
1631       1         
1631       1727      
1632       133       
1632       1056      
1632       1099      
1633       312       
1633       1118      
1634       528       
1634       540       
1634       784       
1635       471       
1635       1183      
1636       121       
1636       429       
1636       1221      
1636       1735      
1637       335       
1638       78        
1638       1181      
1638       1282      
1638       1973      
1639       425       
1639       953       
1639       1080      
1639       1103      
1640       410       
1642       211       
1643       84        
1644       275       
1645       30        
1648       203       
1648       301       
1649       15        
1649       609       
1649       1824      
1650       45        
1650       524       
1650       613       
1650       1537      
1652       1077      
1652       1401      
1652       1677      
1653       926       
1653       1156      
1654       1096      
1654       1151      
1655       0         
1655       31        
1655       1156      
1655       1268      
1655       1279      
1656       274       
1656       936       
1657       219       
1657       1241      
1657       1646      
1659       73        
1659       986       
1660       967       
1662       3         
1662       1792      
1663       1288      
1664       1178      
1665       641       
1665       1218      
1665       1539      
1665       1628      
1665       1989      
1666       637       
1666       832       
1666       888       
1666       903       
1666       925       
1667       218       
1667       1105      
1667       1147      
1667       1347      
1667       1797      
1668       520       
1668       882       
1668       1638      
1669       365       
1669       561       
1669       1098      
1669       1157      
1669       1631      
1669       1644      
1670       249       
1670       288       
1670       291       
1670       457       
1670       585       
1670       1017      
1670       1620      
1671       38        
1671       157       
1671       774       
1671       1978      
1672       1487      
1673       91        
1673       1031      
1673       1576      
1673       1681      
1674       841       
1676       384       
1676       1215      
1676       1995      
1677       582       
1677       1087      
1677       1644      
1678       461       
1678       609       
1678       875       
1678       1383      
1678       1887      
1679       9         
1679       105       
1679       121       
1679       1648      
1680       5         
1680       50        
1680       105       
1680       248       
1680       586       
1680       776       
1680       1662      
1681       87        
1681       104       
1681       805       
1682       1099      
1682       1125      
1682       1417      
1683       374       
1683       529       
1683       1388      
1683       1593      
1683       1937      
1684       66        
1684       70        
1684       91        
1684       1253      
1684       1383      
1684       1572      
1684       1676      
1685       835       
1685       977       
1685       1016      
1685       1305      
1685       1551      
1685       1581      
1686       132       
1686       500       
1686       974       
1686       1141      
1686       1701      
1686       1853      
1687       111       
1687       768       
1687       837       
1687       1061      
1687       1121      
1687       1752      
1688       1614      
1688       1673      
1689       280       
1690       903       
1690       1706      
1691       1098      
1691       1543      
1692       205       
1692       835       
1692       852       
1692       1337      
1693       1125      
1693       1655      
1693       1670      
1694       936       
1694       1111      
1696       779       
1696       1431      
1696       1576      
1697       1121      
1697       1628      
1698       88        
1699       1325      
1700       7         
1700       221       
1700       402       
1701       141       
1701       534       
1701       542       
1701       767       
1701       786       
1701       843       
1701       1049      
1701       1933      
1702       1566      
1702       1818      
1704       657       
1704       1352      
1704       1629      
1705       1138      
1706       454       
1707       564       
1707       1425      
1709       194       
1710       411       
1710       532       
1710       1250      
1710       1551      
1711       1240      
1711       1387      
1712       413       
1712       525       
1713       102       
1713       198       
1713       523       
1713       889       
1715       29        
1715       1452      
1716       30        
1716       283       
1716       623       
1716       664       
1716       1093      
1716       1128      
1716       1141      
1716       1495      
1716       1982      
1717       1546      
1717       1579      
1717       1595      
1717       1793      
1717       1795      
1718       725       
1718       911       
1718       1295      
1718       1614      
1718       1629      
1719       737       
1719       916       
1719       1467      
1720       27        
1720       918       
1720       1651      
1721       264       
1722       715       
1722       1155      
1723       283       
1724       70        
1724       278       
1724       717       
1724       909       
1725       140       
1725       488       
1725       532       
1726       1085      
1727       794       
1727       1575      
1728       175       
1728       466       
1728       576       
1728       594       
1728       927       
1728       1227      
1729       185       
1729       298       
1729       590       
1729       659       
1729       737       
1729       1133      
1729       1542      
1729       1713      
1729       1817      
1730       705       
1731       65        
1731       346       
1731       831       
1732       3         
1732       85        
1732       136       
1732       516       
1732       527       
1732       568       
1732       1230      
1732       1354      
1732       1378      
1732       1421      
1732       1551      
1732       2037      
1733       1893      
1733       1898      
1734       48        
1734       626       
1734       1028      
1734       1328      
1734       1753      
1734       1997      
1735       399       
1735       821       
1735       935       
1735       1055      
1735       1743      
1736       1050      
1736       1215      
1737       480       
1737       734       
1737       1032      
1738       14        
1738       517       
1738       522       
1739       157       
1739       1376      
1740       0         
1740       1198      
1741       351       
1741       383       
1741       601       
1741       987       
1741       1794      
1742       23        
1742       1126      
1743       76        
1743       413       
1743       557       
1743       1447      
1744       890       
1745       36        
1745       201       
1745       343       
1745       800       
1745       1578      
1746       112       
1746       338       
1746       620       
1746       1068      
1747       50        
1747       69        
1747       161       
1747       348       
1747       580       
1747       709       
1748       96        
1748       129       
1748       387       
1748       553       
1748       781       
1748       996       
1748       1261      
1748       1441      
1748       1955      
1749       259       
1749       699       
1749       899       
1749       1223      
1749       1707      
1749       1902      
1750       341       
1750       480       
1750       1025      
1750       1335      
1750       1396      
1750       1578      
1750       1698      
1751       56        
1751       1036      
1751       1085      
1752       879       
1752       1231      
1752       1727      
1752       1837      
1753       461       
1753       1803      
1755       541       
1756       268       
1756       648       
1756       1025      
1756       1165      
1756       1601      
1756       2016      
1757       239       
1757       702       
1757       1087      
1758       1181      
1759       804       
1760       694       
1760       844       
1760       941       
1760       1049      
1760       1435      
1760       1610      
1761       541       
1761       1852      
1762       566       
1762       891       
1762       1031      
1762       1369      
1762       1626      
1762       1997      
1763       571       
1763       1966      
1764       61        
1764       649       
1764       935       
1764       1305      
1764       1439      
1764       1587      
1764       1633      
1765       831       
1765       1030      
1765       1068      
1765       1107      
1766       45        
1766       77        
1766       247       
1766       1053      
1766       1454      
1767       55        
1767       614       
1768       535       
1768       1536      
1770       201       
1771       812       
1772       13        
1772       318       
1772       909       
1772       1811      
1773       53        
1773       1546      
1773       1689      
1773       2003      
1774       341       
1774       616       
1774       1209      
1776       580       
1777       418       
1777       1115      
1778       1608      
1779       399       
1780       46        
1780       822       
1780       1347      
1780       1616      
1781       711       
1781       1035      
1781       1094      
1782       174       
1782       1069      
1782       1070      
1782       1291      
1782       1310      
1783       231       
1783       1156      
1783       1189      
1784       649       
1784       845       
1786       552       
1788       590       
1788       1962      
1789       1449      
1790       392       
1790       838       
1791       869       
1792       2         
1792       1849      
1793       233       
1793       1890      
1794       61        
1794       1555      
1795       59        
1795       268       
1795       555       
1795       1438      
1796       101       
1796       603       
1797       121       
1797       533       
1797       575       
1797       789       
1797       1557      
1797       1659      
1798       25        
1798       1148      
1798       1208      
1798       1736      
1799       668       
1799       727       
1799       1365      
1799       2036      
1800       542       
1801       1646      
1802       610       
1802       1692      
1804       1773      
1805       804       
1805       1109      
1807       69        
1807       552       
1807       1237      
1808       196       
1808       236       
1808       1064      
1808       1077      
1808       1771      
1809       64        
1809       833       
1809       960       
1810       1352      
1810       1587      
1811       131       
1811       1219      
1813       367       
1813       1783      
1814       285       
1814       522       
1814       1449      
1815       1048      
1815       2047      
1816       518       
1816       521       
1816       697       
1816       850       
1818       485       
1818       674       
1819       777       
1820       12        
1820       201       
1820       271       
1820       1770      
1821       12        
1821       76        
1821       1440      
1822       77        
1822       1609      
1823       187       
1823       994       
1824       597       
1824       884       
1824       1576      
1826       1608      
1827       65        
1828       27        
1828       471       
1828       1183      
1828       1752      
1829       244       
1829       1309      
1830       46        
1830       1653      
1830       2005      
1831       1753      
1831       1848      
1833       44        
1834       1479      
1835       752       
1835       1100      
1835       1597      
1838       1661      
1839       212       
1840       551       
1840       1315      
1841       332       
1841       704       
1841       1541      
1842       32        
1843       86        
1844       1423      
1844       1682      
1845       1400      
1846       15        
1846       129       
1846       871       
1846       1251      
1846       1482      
1847       1375      
1848       122       
1848       1026      
1848       1421      
1849       5         
1849       587       
1849       909       
1849       1246      
1850       1144      
1852       606       
1852       1993      
1853       1283      
1853       1311      
1854       1403      
1855       199       
1856       140       
1856       146       
1856       309       
1856       1133      
1857       520       
1857       1068      
1857       1195      
1857       1709      
1858       627       
1858       667       
1858       1108      
1859       1032      
1859       1325      
1859       1694      
1860       325       
1860       575       
1860       702       
1860       1568      
1860       1708      
1860       1884      
1861       951       
1861       1408      
1861       1650      
1861       1845      
1862       550       
1862       697       
1862       1773      
1862       1851      
1863       82        
1863       529       
1863       1452      
1864       2012      
1865       42        
1865       1061      
1866       272       
1866       1137      
1867       291       
1868       1244      
1868       1950      
1869       180       
1869       527       
1869       657       
1870       304       
1870       325       
1870       329       
1870       685       
1870       1138      
1870       1629      
1871       525       
1872       513       
1873       537       
1873       867       
1874       801       
1875       10        
1875       103       
1876       136       
1876       418       
1876       1025      
1876       1034      
1876       1158      
1876       1454      
1876       1602      
1877       703       
1877       901       
1877       1054      
1877       1477      
1877       1531      
1878       63        
1878       241       
1878       252       
1878       415       
1878       1031      
1878       1171      
1878       1272      
1878       1569      
1879       101       
1879       885       
1879       1036      
1879       1805      
1879       1939      
1881       46        
1881       1056      
1882       133       
1882       205       
1883       79        
1884       50        
1884       285       
1884       824       
1885       1082      
1885       1159      
1888       551       
1888       1600      
1889       974       
1890       169       
1890       1243      
1890       1434      
1890       1585      
1890       1659      
1891       15        
1892       199       
1892       542       
1892       638       
1892       1135      
1892       1212      
1893       175       
1893       533       
1893       707       
1894       1135      
1894       1151      
1895       159       
1895       596       
1895       1192      
1897       1285      
1897       1503      
1898       571       
1898       1029      
1899       285       
1900       38        
1901       134       
1901       1404      
1903       1319      
1903       1699      
1904       1225      
1904       1579      
1904       1861      
1904       1965      
1905       1161      
1905       1675      
1905       1739      
1906       1791      
1907       163       
1907       165       
1908       11        
1908       306       
1908       654       
1908       1059      
1908       1295      
1908       1385      
1908       1390      
1908       1686      
1909       6         
1909       175       
1909       613       
1909       1587      
1909       1858      
1910       29        
1910       69        
1910       742       
1910       1894      
1911       399       
1912       1032      
1912       1833      
1914       864       
1916       1140      
1917       25        
1917       57        
1917       305       
1918       41        
1918       137       
1918       180       
1918       456       
1918       1564      
1918       1837      
1919       543       
1920       16        
1920       77        
1920       439       
1920       576       
1920       1027      
1920       1881      
1921       1066      
1921       1090      
1921       1239      
1922       677       
1922       1260      
1922       1273      
1922       1555      
1923       55        
1923       641       
1923       1151      
1923       1617      
1924       79        
1924       512       
1924       595       
1924       1308      
1924       1577      
1924       1619      
1924       1672      
1924       1847      
1925       78        
1925       91        
1925       533       
1925       985       
1925       1108      
1926       600       
1926       819       
1926       1309      
1926       1689      
1926       1978      
1927       19        
1927       230       
1927       591       
1927       1031      
1927       1181      
1927       1377      
1928       76        
1928       915       
1928       2012      
1929       38        
1929       531       
1929       891       
1930       93        
1932       17        
1932       170       
1932       670       
1932       687       
1932       1149      
1932       1655      
1933       520       
1933       632       
1933       1384      
1934       337       
1935       67        
1935       574       
1935       885       
1935       1751      
1936       76        
1936       91        
1936       331       
1936       1045      
1937       1134      
1937       1392      
1937       1883      
1938       1194      
1938       1327      
1939       597       
1940       606       
1940       912       
1940       1103      
1940       1355      
1940       1617      
1941       126       
1941       284       
1941       287       
1941       516       
1941       779       
1941       919       
1941       1125      
1941       1126      
1941       1217      
1941       1228      
1941       1599      
1941       1601      
1942       108       
1942       412       
1942       695       
1942       821       
1942       864       
1942       1256      
1942       1406      
1942       1716      
1943       576       
1943       1156      
1943       1563      
1944       266       
1944       636       
1944       793       
1944       1153      
1945       387       
1945       1113      
1946       66        
1946       525       
1946       1860      
1947       106       
1947       363       
1948       176       
1948       1253      
1948       1714      
1949       103       
1949       111       
1949       540       
1950       1708      
1950       1806      
1951       201       
1951       772       
1951       876       
1952       969       
1952       1056      
1952       1154      
1952       1567      
1952       1759      
1953       89        
1953       135       
1953       1631      
1954       116       
1954       352       
1954       653       
1954       665       
1954       680       
1955       595       
1955       637       
1955       1624      
1956       213       
1956       327       
1956       636       
1956       752       
1956       808       
1956       1068      
1956       1335      
1957       1221      
1958       95        
1958       1793      
1959       1567      
1960       497       
1960       1692      
1961       217       
1961       1709      
1961       1809      
1963       1103      
1964       767       
1964       1620      
1965       529       
1965       708       
1967       615       
1967       1043      
1967       1901      
1968       71        
1968       518       
1968       1760      
1968       1867      
1969       220       
1969       648       
1970       85        
1970       259       
1970       1101      
1970       1133      
1971       50        
1971       1223      
1971       1372      
1971       1671      
1972       788       
1972       1100      
1972       1162      
1972       1233      
1972       2013      
1973       247       
1973       779       
1973       1761      
1974       733       
1975       1677      
1976       1496      
1977       1145      
1979       1284      
1980       587       
1980       652       
1980       771       
1981       682       
1981       1152      
1981       1882      
1982       13        
1983       189       
1983       631       
1983       1340      
1983       1551      
1984       182       
1984       526       
1984       943       
1984       1697      
1985       737       
1985       906       
1985       1015      
1985       1544      
1986       528       
1986       1295      
1987       180       
1987       844       
1988       520       
1988       550       
1988       879       
1988       1746      
1989       125       
1989       205       
1989       209       
1989       712       
1989       1025      
1989       1336      
1989       1663      
1989       1771      
1990       229       
1990       1053      
1990       1092      
1990       1157      
1990       1171      
1990       1699      
1991       249       
1991       1026      
1991       1363      
1991       1572      
1992       1856      
1993       550       
1993       580       
1993       1202      
1995       557       
1996       697       
1996       1709      
1996       1751      
1997       648       
1997       969       
1997       1635      
1999       556       
2000       14        
2000       68        
2000       632       
2000       1035      
2000       1358      
2001       650       
2001       933       
2002       305       
2002       879       
2002       1244      
2002       1538      
2003       451       
2004       4         
2004       39        
2004       1346      
2005       100       
2005       124       
2005       143       
2005       616       
2006       12        
2006       111       
2006       616       
2006       775       
2006       779       
2006       1301      
2006       1563      
2007       877       
2007       1052      
2007       1392      
2008       513       
2008       1661      
2008       1699      
2009       34        
2009       130       
2009       621       
2010       1282      
2010       1417      
2011       523       
2011       1560      
2012       1007      
2012       1573      
2012       1597      
2012       1772      
2013       1598      
2014       41        
2014       299       
2014       321       
2014       1213      
2014       1572      
2015       614       
2017       42        
2017       139       
2017       555       
2017       985       
2018       195       
2018       675       
2019       23        
2019       67        
2019       1083      
2019       1291      
2019       1419      
2020       613       
2020       720       
2020       1128      
2020       1693      
2020       1694      
2020       1887      
2021       50        
2021       573       
2021       593       
2021       697       
2021       851       
2021       1573      
2021       1628      
2022       61        
2022       297       
2022       593       
2022       692       
2022       1576      
2022       1655      
2023       317       
2024       526       
2024       1001      
2024       1074      
2024       1551      
2025       93        
2025       593       
2025       969       
2025       1663      
2026       1327      
2026       1551      
2027       73        
2027       930       
2027       1166      
2028       87        
2028       180       
2028       1319      
2028       1538      
2028       1563      
2028       1565      
2028       1710      
2029       1097      
2029       1574      
2030       25        
2030       450       
2030       518       
2030       1086      
2031       1134      
2031       1430      
2031       1656      
2032       75        
2032       660       
2033       641       
2033       1797      
2034       572       
2035       643       
2035       819       
2035       1639      
2036       525       
2036       622       
2036       880       
2036       1538      
2037       292       
2037       512       
2037       844       
2037       1191      
2037       1596      
2037       1891      
2037       1957      
2038       93        
2038       290       
2038       528       
2038       690       
2038       1629      
2038       1769      
2038       1989      
2039       201       
2039       559       
2039       1026      
2039       1625      
2039       1815      
2041       1688      
2042       54        
2042       1577      
2042       1658      
2044       1208      
2044       1590      
2045       629       
2045       1006      
2045       1371      
2046       1071      
2046       1742      
2047       79        
2047       473       
2047       1108      
2047       1293      
