0          328       
0          676       
0          831       
0          1219      
0          1422      
0          1844      
1          323       
1          782       
1          1014      
1          1795      
1          1937      
2          1068      
2          1608      
2          1683      
2          1721      
3          258       
3          684       
3          1540      
5          90        
5          726       
7          698       
7          1619      
8          135       
8          612       
9          124       
9          567       
9          909       
9          978       
9          1570      
9          1743      
10         1718      
11         275       
11         539       
11         573       
11         1786      
14         1605      
14         1983      
15         851       
15         904       
15         1911      
16         569       
16         1276      
17         1050      
18         200       
18         1046      
18         1204      
19         80        
19         529       
19         1220      
22         539       
23         416       
23         1981      
24         12        
24         2028      
25         517       
29         579       
32         622       
32         1456      
32         1926      
33         1400      
33         1537      
34         741       
34         1460      
34         1582      
34         1774      
35         1623      
37         1594      
37         2007      
38         818       
39         620       
41         46        
41         564       
41         660       
41         1538      
41         1569      
41         1715      
41         1767      
42         579       
42         706       
43         44        
43         93        
43         426       
43         818       
43         1353      
43         1785      
44         773       
44         1121      
44         1768      
44         1785      
45         158       
45         160       
45         431       
45         1020      
45         1257      
46         583       
46         1556      
46         1789      
47         515       
47         1685      
51         329       
51         470       
51         550       
51         777       
51         1642      
51         1864      
53         715       
56         1564      
57         408       
57         1802      
58         674       
59         1923      
61         171       
61         1021      
61         1855      
62         2017      
63         719       
63         1859      
64         1739      
65         524       
65         652       
65         695       
66         1056      
66         1095      
67         620       
67         1834      
68         524       
69         94        
69         620       
69         1066      
70         967       
70         1167      
70         1352      
70         1711      
72         1866      
73         595       
73         1249      
73         1377      
73         1560      
73         1768      
73         1877      
75         587       
75         1491      
76         343       
77         346       
77         1010      
77         1701      
78         926       
80         200       
81         1645      
82         1662      
83         1074      
83         1434      
85         1992      
89         784       
89         1887      
89         1909      
90         987       
91         1007      
91         1159      
92         735       
96         1724      
97         833       
98         437       
98         868       
98         1001      
98         1486      
98         1849      
99         92        
99         1895      
100        608       
101        712       
101        819       
101        846       
101        1657      
102        2032      
103        232       
103        1217      
103        1576      
103        1674      
104        409       
104        1106      
104        1506      
105        484       
105        538       
105        936       
105        1037      
105        1146      
105        2023      
107        450       
107        594       
107        604       
107        872       
107        1611      
107        1678      
107        1700      
108        459       
108        738       
108        1121      
109        212       
109        598       
109        1137      
109        1681      
109        1733      
109        1922      
110        892       
111        754       
111        1650      
112        725       
112        1743      
113        2047      
114        609       
114        2042      
115        160       
115        857       
115        909       
117        302       
120        1509      
121        1060      
121        1135      
125        1466      
125        1644      
126        1689      
126        1790      
127        750       
128        653       
128        1869      
130        115       
130        1224      
132        1223      
133        1215      
134        375       
135        196       
135        1177      
135        1861      
136        875       
136        1720      
137        504       
137        632       
137        1479      
137        1751      
138        914       
140        664       
142        1237      
143        549       
145        63        
147        722       
151        518       
151        573       
153        866       
155        136       
155        262       
155        979       
156        1939      
158        1014      
160        272       
160        643       
160        1268      
160        1499      
161        730       
161        810       
162        1931      
163        689       
163        1070      
163        1101      
164        620       
164        1467      
165        123       
165        977       
166        88        
167        680       
167        736       
168        690       
168        1155      
170        698       
170        801       
171        659       
171        674       
171        1173      
171        1988      
172        80        
172        932       
172        1126      
172        1711      
173        1536      
174        142       
174        365       
174        723       
178        1792      
179        111       
179        563       
179        1921      
179        1988      
179        1993      
181        654       
182        643       
182        689       
183        1552      
185        18        
185        469       
185        1122      
185        1606      
186        499       
187        1560      
190        1800      
194        2021      
195        61        
195        829       
195        1548      
195        1678      
196        2033      
197        647       
198        1273      
199        513       
199        1630      
200        848       
200        874       
200        961       
201        195       
201        875       
202        1477      
202        2037      
203        1425      
205        1322      
207        504       
207        1725      
209        496       
209        1722      
209        1746      
210        702       
210        1013      
211        388       
211        2035      
213        755       
213        922       
214        724       
215        186       
216        1742      
218        244       
219        137       
219        1631      
220        1397      
220        1575      
223        759       
224        182       
224        499       
224        978       
224        1780      
225        159       
225        397       
225        1561      
226        898       
226        973       
226        1770      
227        607       
227        1088      
228        742       
228        938       
228        995       
229        937       
229        1743      
230        575       
230        616       
231        718       
231        1641      
231        1953      
232        712       
232        996       
232        1159      
232        1730      
233        1617      
233        1762      
234        494       
234        739       
234        1532      
234        1710      
235        1036      
235        1891      
238        774       
238        852       
239        1620      
239        1977      
242        1628      
246        1724      
248        691       
248        746       
248        1017      
248        1765      
250        1501      
251        667       
253        747       
253        1732      
254        2046      
255        2043      
256        111       
256        652       
256        738       
256        1466      
256        1695      
256        1833      
256        1927      
257        537       
257        560       
257        916       
257        1005      
257        1434      
257        1816      
258        28        
258        520       
258        722       
259        590       
259        608       
259        711       
259        766       
259        936       
259        1083      
259        1159      
259        1824      
259        1833      
259        2000      
260        1612      
261        615       
261        1160      
261        1512      
261        1881      
261        1919      
262        686       
262        1539      
263        86        
263        584       
263        732       
263        1042      
263        1117      
263        1396      
263        1454      
263        2031      
264        13        
264        181       
264        664       
264        742       
265        799       
265        969       
265        1568      
265        1687      
265        1831      
265        1848      
265        1899      
265        1981      
266        852       
266        1602      
266        1860      
266        1997      
267        1014      
267        1241      
267        1423      
267        1594      
267        1624      
267        1901      
269        180       
269        560       
269        610       
270        1231      
270        1928      
271        140       
271        493       
271        544       
271        768       
271        1480      
272        342       
272        684       
272        967       
272        1809      
273        486       
273        918       
273        1206      
273        1688      
274        113       
274        1059      
274        1351      
275        513       
275        853       
276        1013      
276        1224      
276        1407      
277        522       
277        1435      
277        1750      
278        857       
278        1067      
279        1016      
281        98        
281        1431      
281        1830      
282        1111      
283        560       
283        902       
283        1773      
284        686       
285        1228      
286        199       
286        366       
286        1534      
286        1888      
287        689       
287        945       
288        163       
288        165       
288        928       
288        1728      
288        1808      
288        2008      
289        128       
289        566       
289        652       
289        1304      
289        1635      
289        1913      
290        164       
290        317       
290        561       
290        919       
290        1168      
290        1553      
290        1579      
290        1586      
290        1599      
290        1797      
291        35        
291        878       
291        1060      
291        1667      
291        1761      
291        1965      
292        864       
292        918       
292        972       
293        40        
293        620       
293        1785      
294        1057      
294        1167      
294        1647      
294        1801      
295        542       
295        625       
295        626       
295        840       
296        641       
296        1197      
296        1519      
296        1630      
296        1713      
296        1930      
296        1989      
297        49        
297        447       
297        880       
297        914       
297        1258      
297        1341      
297        1476      
297        1555      
297        1556      
297        1665      
297        1686      
298        866       
298        1490      
298        1681      
298        1920      
298        1924      
299        20        
299        162       
299        173       
299        233       
299        1191      
299        1483      
299        1545      
299        1648      
299        1999      
300        319       
301        931       
301        1651      
302        1547      
303        145       
303        572       
303        1006      
303        1984      
304        535       
304        548       
304        746       
304        1402      
304        1574      
304        1790      
305        164       
305        269       
305        841       
305        1611      
305        1939      
306        179       
306        539       
306        969       
306        1190      
307        1955      
309        456       
310        1272      
312        754       
312        1560      
312        1674      
312        1872      
313        1813      
314        413       
314        750       
314        1116      
314        1809      
315        54        
315        794       
315        950       
315        1684      
316        90        
316        1435      
317        281       
317        476       
317        795       
318        706       
318        1035      
319        1467      
320        247       
320        273       
320        286       
320        856       
320        1375      
320        1518      
320        1743      
320        1943      
321        680       
321        970       
321        1042      
321        1296      
321        1495      
321        1871      
322        323       
322        753       
322        1245      
322        1576      
322        1789      
322        1798      
322        2033      
323        660       
323        664       
323        806       
323        811       
323        878       
323        1016      
323        1158      
323        1651      
323        1985      
324        1088      
324        1888      
325        341       
325        526       
325        1250      
326        452       
326        1094      
326        1538      
327        447       
327        653       
327        1403      
327        1587      
328        364       
328        792       
328        1319      
328        1674      
328        1768      
328        1924      
329        300       
329        1041      
329        1105      
329        1234      
330        351       
330        628       
330        708       
330        1150      
331        336       
331        397       
331        403       
331        476       
331        541       
331        584       
331        1757      
332        630       
332        1206      
332        2017      
333        175       
333        572       
333        919       
335        887       
335        1161      
335        1255      
335        1340      
335        1889      
336        349       
336        492       
336        1534      
336        1892      
337        74        
337        931       
337        1532      
337        1837      
338        685       
338        1083      
338        1672      
339        686       
339        1339      
339        1551      
339        1672      
339        1878      
342        411       
342        996       
342        2025      
343        109       
343        840       
343        847       
343        1154      
344        168       
344        2001      
345        635       
345        754       
346        1722      
347        6         
347        158       
349        345       
350        1279      
351        1238      
351        1994      
352        245       
352        707       
352        897       
352        1003      
353        587       
353        722       
353        808       
353        909       
353        1004      
353        1371      
353        1780      
353        1872      
354        107       
354        835       
354        844       
354        1132      
354        1247      
354        1777      
354        1826      
354        1880      
354        1989      
355        132       
355        604       
355        984       
355        1618      
355        1784      
356        767       
357        1548      
357        1643      
357        1659      
358        708       
359        612       
359        1752      
360        105       
360        1130      
360        1172      
360        1586      
360        1648      
360        1895      
360        2004      
360        2018      
361        635       
361        767       
361        1701      
362        3         
362        549       
363        715       
363        750       
363        816       
363        838       
363        1109      
363        1361      
363        1729      
364        679       
364        1187      
365        66        
365        586       
365        610       
365        698       
365        1531      
365        1767      
366        714       
366        767       
366        1010      
366        1714      
366        1835      
366        2028      
367        700       
367        722       
367        1892      
368        718       
369        571       
369        584       
369        1107      
369        1498      
370        180       
370        273       
370        632       
370        1943      
371        1929      
373        1064      
373        1565      
373        1637      
376        794       
376        1232      
377        860       
377        1603      
378        934       
378        1340      
378        1981      
379        8         
379        548       
379        1458      
381        309       
381        1778      
382        2011      
384        209       
384        622       
384        921       
384        1410      
384        1603      
384        1766      
385        390       
385        812       
385        1426      
385        1693      
386        130       
386        660       
386        1689      
387        546       
387        790       
387        1371      
387        2006      
389        235       
389        937       
389        1450      
390        661       
391        735       
392        678       
392        747       
393        305       
393        910       
393        1504      
394        656       
394        1668      
394        1696      
395        330       
395        1860      
396        751       
396        967       
396        1933      
397        779       
398        441       
398        1116      
398        1823      
398        1895      
398        1940      
399        1176      
399        1658      
399        1993      
400        1680      
401        1051      
402        1660      
402        1761      
402        2030      
404        539       
405        644       
405        1451      
407        687       
408        1359      
409        816       
409        916       
409        959       
411        1474      
412        824       
415        158       
415        380       
416        1671      
416        1688      
417        137       
417        514       
417        969       
417        1706      
418        1         
418        581       
418        657       
418        1126      
418        1667      
418        1713      
419        377       
419        626       
419        673       
419        760       
419        1458      
419        1581      
419        1962      
419        1994      
420        589       
420        844       
420        1263      
421        1199      
421        1506      
421        1794      
422        155       
422        167       
422        1520      
423        1003      
424        590       
424        749       
424        867       
424        1597      
425        865       
425        905       
425        1547      
425        1906      
426        221       
426        683       
426        1326      
427        620       
427        645       
427        1047      
427        1826      
427        1923      
427        2016      
428        764       
428        1123      
429        2041      
430        300       
430        1021      
431        126       
431        163       
431        716       
431        763       
432        2002      
433        941       
434        700       
434        1767      
435        325       
435        579       
435        761       
435        1020      
437        694       
437        731       
438        159       
438        347       
439        1751      
440        174       
440        839       
441        10        
441        1813      
441        1961      
441        2044      
442        610       
443        1203      
444        632       
445        183       
445        494       
445        1211      
446        904       
448        1376      
448        1394      
449        180       
449        1730      
449        1974      
450        416       
450        521       
450        538       
450        801       
450        975       
450        1635      
450        1675      
450        1949      
450        1992      
451        603       
451        991       
451        1774      
452        1888      
453        1595      
454        761       
455        1480      
455        1844      
455        1990      
456        83        
456        886       
456        1170      
456        1634      
456        2044      
457        217       
457        773       
457        1869      
458        690       
458        1058      
459        71        
459        476       
459        582       
459        786       
459        880       
459        1654      
460        885       
460        1082      
460        1915      
461        952       
461        1054      
462        1742      
463        805       
463        1817      
464        1771      
465        1733      
465        1779      
467        1512      
469        602       
471        1856      
472        938       
472        963       
473        1109      
475        175       
475        822       
475        1869      
477        2028      
479        991       
480        967       
481        49        
481        195       
481        1001      
481        1700      
482        62        
482        597       
482        801       
482        855       
482        965       
482        1000      
482        1768      
482        1785      
483        710       
483        831       
483        910       
483        1640      
483        1787      
484        1031      
484        1261      
485        156       
485        705       
485        736       
485        1776      
486        587       
487        761       
487        1759      
488        374       
488        1636      
488        1901      
489        1249      
489        1250      
489        1471      
489        1650      
490        113       
490        321       
490        614       
490        660       
490        1540      
490        1716      
490        2022      
490        2043      
491        730       
491        752       
491        1192      
491        1781      
491        1783      
491        1943      
491        1976      
491        1984      
491        2007      
492        1518      
493        108       
493        701       
493        762       
494        134       
495        0         
495        13        
495        1107      
495        1381      
496        426       
497        402       
497        1931      
499        1488      
499        1959      
501        2012      
502        1417      
503        1784      
506        501       
507        825       
507        904       
507        1626      
507        1731      
508        210       
508        384       
510        1781      
510        2022      
512        51        
512        296       
512        961       
512        1141      
512        1191      
512        2000      
513        393       
513        684       
513        1558      
514        436       
514        1332      
514        1587      
516        489       
517        960       
519        1587      
519        1711      
519        1816      
520        320       
520        1443      
520        1554      
521        102       
521        129       
521        181       
521        394       
521        503       
521        1100      
521        1425      
522        27        
522        70        
522        325       
522        1435      
523        1158      
523        1383      
524        1297      
525        1405      
525        1545      
526        740       
527        1313      
527        1400      
530        181       
530        1066      
530        1323      
530        1424      
530        1708      
530        1944      
531        793       
531        1207      
533        284       
535        37        
535        1056      
535        1223      
536        988       
537        380       
537        1137      
538        80        
538        1944      
539        1116      
539        1154      
540        1821      
543        632       
543        1235      
544        1593      
545        1026      
545        1048      
545        1079      
546        187       
546        417       
546        1039      
546        1450      
546        1573      
547        12        
547        78        
547        603       
547        1058      
547        1106      
547        1226      
548        58        
548        181       
548        368       
548        812       
549        111       
549        210       
549        640       
549        671       
549        1789      
550        60        
550        2039      
551        181       
551        182       
551        376       
551        1174      
552        500       
552        805       
552        1173      
552        1395      
553        1117      
553        1174      
553        1323      
553        1373      
554        959       
555        668       
555        931       
555        932       
555        949       
555        1193      
555        1263      
555        1319      
555        1331      
555        1959      
556        125       
556        253       
557        132       
558        26        
558        1290      
558        1895      
559        1635      
561        158       
561        290       
561        1154      
561        1331      
562        751       
562        1213      
562        1558      
562        1772      
563        967       
563        1224      
563        1397      
563        1886      
564        1316      
566        267       
566        1120      
567        501       
568        219       
568        267       
569        1442      
569        1791      
570        43        
570        171       
570        353       
571        119       
571        239       
571        1745      
572        1064      
573        1469      
574        1148      
575        642       
576        11        
576        336       
576        1137      
577        1231      
577        1237      
577        1577      
577        1632      
578        1088      
578        1243      
579        99        
579        1383      
580        538       
581        93        
581        387       
581        1028      
581        1523      
582        1391      
583        1741      
584        1054      
584        1604      
584        1653      
585        209       
585        1117      
586        328       
586        492       
586        1761      
587        68        
588        385       
588        1520      
589        1376      
590        283       
591        485       
591        676       
592        1094      
593        136       
593        1360      
593        1660      
594        338       
594        890       
595        488       
596        1740      
598        1035      
598        1892      
600        1361      
601        750       
601        1104      
601        1588      
602        818       
603        430       
605        1384      
606        1393      
608        78        
608        1125      
608        1345      
608        1425      
608        1752      
608        1991      
609        195       
610        69        
610        94        
610        451       
610        1157      
611        719       
611        1274      
611        1494      
612        109       
612        148       
612        1828      
613        192       
613        490       
613        1168      
614        1701      
615        1510      
616        846       
616        1122      
617        209       
617        879       
617        1611      
617        1627      
617        1745      
617        1784      
618        96        
618        252       
618        1581      
619        76        
619        88        
619        195       
619        1525      
619        1634      
621        197       
621        1041      
621        1151      
621        1383      
621        1853      
622        423       
622        2043      
623        1679      
623        1898      
623        2023      
624        1426      
625        1221      
625        1346      
626        108       
627        834       
627        1304      
627        1682      
627        2036      
628        440       
632        1602      
633        93        
633        244       
635        97        
635        1929      
635        1956      
636        1688      
639        1222      
639        1783      
640        1156      
640        1181      
640        1570      
641        8         
641        226       
641        934       
641        1167      
642        169       
642        955       
642        1996      
643        220       
644        597       
644        1262      
644        1678      
645        1033      
647        1932      
648        279       
648        567       
648        1201      
649        1         
650        117       
650        1619      
651        207       
651        1516      
651        1568      
651        2008      
652        262       
652        1196      
655        1176      
656        390       
657        109       
657        1180      
659        1418      
659        1503      
660        65        
661        1411      
662        1942      
664        141       
665        63        
665        1419      
666        1510      
666        1608      
667        128       
667        1138      
667        1196      
668        1953      
670        657       
672        178       
672        405       
672        474       
673        588       
673        1935      
674        771       
675        1131      
675        1302      
675        1570      
676        477       
676        673       
677        19        
677        995       
677        1941      
680        5         
680        158       
680        1315      
680        1532      
680        1723      
681        45        
681        1160      
681        1494      
682        189       
682        603       
682        742       
682        1266      
683        395       
683        406       
683        439       
683        488       
683        576       
683        1035      
683        1041      
683        1043      
683        1277      
683        1472      
683        1506      
683        1848      
684        350       
684        1364      
684        1528      
685        322       
686        47        
686        1005      
686        1466      
687        647       
688        1979      
689        1158      
690        1760      
691        1719      
691        1822      
693        398       
694        237       
696        659       
697        1222      
698        1659      
699        582       
699        660       
700        2029      
701        1871      
703        283       
703        1762      
704        53        
704        1449      
705        194       
705        968       
705        1576      
705        1886      
705        1947      
706        239       
707        310       
707        744       
709        91        
709        391       
709        1399      
709        2008      
710        200       
711        250       
711        1067      
712        267       
712        489       
712        997       
712        1123      
714        313       
714        497       
714        1467      
715        336       
715        367       
715        1103      
717        1262      
717        1457      
719        903       
719        1502      
720        1788      
722        322       
723        34        
726        1181      
726        2000      
730        1473      
730        1990      
731        69        
732        1221      
734        186       
734        1238      
735        1021      
736        130       
736        1102      
736        1504      
737        53        
737        81        
737        1062      
737        1289      
737        1572      
738        422       
739        1016      
739        1765      
739        1912      
739        1982      
740        1220      
741        484       
742        1508      
743        1024      
745        144       
745        209       
745        1259      
746        1521      
746        1604      
747        358       
747        667       
749        286       
749        388       
749        1374      
750        37        
750        1912      
751        229       
758        1204      
762        1238      
763        265       
763        1265      
763        1273      
764        243       
767        197       
767        253       
768        225       
768        290       
768        426       
768        1248      
768        1419      
768        1420      
768        1452      
768        1562      
768        1842      
769        81        
769        1196      
769        1425      
769        1472      
769        1653      
770        211       
770        739       
770        1198      
771        11        
771        104       
771        128       
771        210       
771        430       
771        886       
771        1057      
771        1579      
772        1066      
772        1509      
773        416       
773        557       
773        1106      
773        1132      
773        1337      
773        1348      
773        1388      
774        44        
774        931       
775        156       
775        1054      
775        1168      
776        207       
776        390       
776        419       
776        433       
776        615       
776        1383      
777        56        
777        286       
777        334       
777        507       
777        1763      
777        1812      
778        111       
778        272       
778        680       
778        896       
778        1187      
778        1256      
778        1331      
778        1395      
778        1891      
779        157       
779        293       
779        496       
779        734       
779        784       
779        818       
779        1176      
779        1225      
779        1370      
779        1758      
780        274       
780        1136      
780        1804      
781        660       
781        1043      
782        1162      
784        932       
784        1692      
785        125       
785        146       
785        267       
785        511       
785        1457      
786        418       
786        1100      
786        1553      
786        1581      
789        156       
789        197       
789        219       
789        1047      
789        1436      
790        1045      
792        9         
792        74        
792        214       
792        375       
792        1500      
792        1605      
793        53        
793        119       
793        711       
793        1044      
793        1474      
793        1549      
794        779       
794        949       
794        1191      
794        1393      
795        81        
795        341       
795        1101      
795        1248      
798        327       
799        425       
800        47        
800        68        
800        444       
800        449       
800        698       
800        1111      
800        1160      
800        1225      
800        1383      
801        40        
801        54        
801        353       
801        425       
801        984       
801        991       
801        1171      
801        1401      
802        89        
802        314       
802        440       
802        588       
802        1317      
802        1617      
803        164       
803        236       
803        318       
803        338       
803        375       
803        431       
803        1122      
803        1544      
803        1597      
803        1683      
803        1855      
803        1915      
804        635       
804        767       
805        45        
805        179       
806        959       
806        1097      
806        1817      
807        183       
807        607       
807        1211      
807        1330      
807        1935      
807        1964      
808        166       
808        732       
808        1127      
808        1328      
808        1450      
808        1926      
809        29        
809        126       
809        133       
809        271       
809        405       
809        1182      
809        1556      
809        1573      
809        1904      
810        174       
810        206       
810        274       
810        393       
810        465       
810        1251      
810        1339      
810        1450      
810        1535      
811        6         
811        171       
811        337       
811        489       
811        1084      
811        1214      
811        1938      
812        147       
812        348       
812        440       
812        1175      
813        118       
813        196       
813        1143      
814        12        
814        224       
814        422       
814        788       
814        1110      
814        1180      
814        1344      
814        1449      
814        1708      
814        1903      
815        97        
815        105       
815        1449      
816        144       
816        650       
816        913       
816        1049      
816        1176      
816        1232      
816        1406      
816        1516      
816        1790      
816        1974      
817        625       
817        1933      
818        1184      
818        1253      
818        1356      
818        1552      
819        2         
819        224       
819        282       
819        1079      
819        1314      
820        630       
820        1935      
822        1551      
824        41        
824        118       
824        1443      
824        1448      
825        165       
825        1289      
825        1355      
825        1716      
825        1719      
826        345       
826        1169      
826        1981      
827        196       
827        284       
827        1110      
827        1238      
828        523       
829        1528      
830        356       
831        543       
831        795       
831        1208      
832        169       
832        281       
832        361       
832        1159      
832        1265      
833        361       
833        430       
833        472       
833        667       
833        986       
833        1034      
833        1124      
834        35        
834        257       
834        311       
834        430       
834        507       
834        1355      
834        1388      
835        63        
835        122       
835        204       
835        1276      
835        1356      
835        1481      
837        40        
837        378       
837        1234      
838        1723      
839        454       
839        1207      
839        1335      
840        200       
840        273       
840        914       
840        1106      
840        1131      
840        1767      
841        135       
841        232       
841        363       
841        618       
841        1024      
841        1234      
841        1445      
841        1567      
842        220       
842        1232      
842        1300      
842        1497      
843        1235      
843        1487      
843        1528      
843        1738      
844        492       
844        609       
845        121       
845        363       
845        411       
845        1175      
845        1620      
845        1928      
846        807       
846        2042      
847        333       
847        339       
847        357       
847        1479      
848        187       
848        201       
848        1472      
848        1610      
849        85        
849        161       
849        320       
849        965       
849        1276      
849        1659      
850        1482      
851        294       
851        450       
854        222       
855        1313      
855        1432      
855        1602      
856        693       
857        1347      
858        375       
858        1419      
859        32        
859        383       
859        1141      
859        1482      
860        1192      
863        1278      
864        17        
864        140       
864        171       
864        375       
864        443       
864        584       
864        1205      
864        1315      
865        105       
865        109       
865        170       
865        448       
865        626       
865        1419      
865        1761      
866        81        
866        90        
866        397       
866        427       
866        1016      
866        1029      
866        1091      
866        1161      
866        1402      
867        350       
867        448       
867        1060      
867        1773      
868        106       
868        1079      
868        1647      
868        1826      
869        192       
869        198       
869        446       
869        493       
869        1102      
869        1724      
870        649       
870        802       
870        817       
870        1088      
870        1393      
870        2043      
871        908       
871        1405      
871        1506      
871        1549      
871        1660      
871        1766      
872        1097      
872        1239      
873        3         
873        230       
873        309       
873        699       
873        971       
874        172       
874        201       
874        214       
874        236       
874        1171      
874        1351      
874        1610      
875        504       
875        1206      
875        1358      
875        1458      
875        1607      
876        200       
876        497       
876        1190      
877        77        
878        433       
878        1458      
879        444       
879        1414      
879        1599      
879        2019      
880        93        
880        205       
880        1001      
881        81        
881        346       
881        1148      
881        1388      
881        1695      
882        1403      
883        371       
883        1056      
883        1445      
885        238       
885        1321      
887        54        
887        1860      
888        504       
889        77        
889        359       
889        611       
889        1489      
889        1851      
890        1505      
891        92        
891        204       
891        311       
891        572       
891        1125      
891        1308      
891        1357      
894        84        
894        1348      
895        73        
895        681       
895        1056      
896        129       
896        163       
896        320       
896        465       
896        1231      
896        1401      
897        234       
897        985       
897        1228      
897        1569      
898        26        
898        83        
898        202       
898        325       
899        39        
899        979       
899        1652      
899        1755      
901        13        
901        861       
901        1094      
902        940       
903        418       
904        680       
904        754       
904        1202      
904        1260      
904        1383      
904        1414      
905        37        
905        206       
905        565       
905        736       
905        788       
905        924       
905        1028      
905        1422      
906        182       
906        1212      
906        1452      
907        42        
907        310       
907        817       
907        1155      
907        1163      
908        374       
908        1034      
910        385       
911        760       
911        1132      
911        1466      
911        1503      
912        156       
912        224       
913        490       
913        1028      
914        490       
915        380       
917        230       
917        1294      
918        176       
918        915       
919        89        
919        459       
920        56        
920        949       
922        530       
923        132       
923        435       
923        700       
923        1162      
923        1444      
924        15        
926        361       
928        430       
928        640       
928        914       
928        1092      
928        1125      
928        1375      
928        1491      
928        1499      
929        108       
929        214       
929        422       
929        510       
929        1343      
930        207       
930        1436      
930        1631      
930        1665      
931        132       
931        229       
931        253       
931        594       
931        916       
931        994       
931        1298      
931        1337      
931        1928      
931        2046      
932        140       
934        177       
934        228       
934        388       
934        1451      
935        137       
935        255       
935        464       
935        631       
935        1056      
935        1135      
935        1277      
936        163       
936        1188      
936        1459      
937        285       
937        459       
937        710       
937        844       
937        1226      
937        1248      
938        585       
938        1080      
938        1193      
938        1318      
938        1983      
939        169       
939        221       
939        1027      
939        1356      
939        1513      
939        1680      
939        1758      
940        233       
940        1589      
941        134       
941        1502      
942        1025      
942        1936      
943        250       
943        1200      
943        1977      
944        1044      
944        1479      
945        207       
945        1469      
945        1510      
945        2000      
946        108       
946        505       
946        986       
946        1024      
946        1432      
947        1193      
947        1214      
948        38        
949        678       
949        1227      
950        1426      
952        762       
952        968       
953        1243      
953        1273      
953        1425      
953        1470      
953        1972      
954        368       
954        932       
954        1249      
954        1972      
955        163       
955        1053      
955        1231      
955        1461      
957        429       
957        1916      
958        187       
959        579       
960        471       
960        1010      
960        1147      
961        738       
961        761       
961        1737      
961        1986      
962        673       
962        809       
962        1315      
962        1466      
963        201       
963        1083      
963        1235      
964        364       
964        1041      
964        1097      
964        1534      
965        237       
965        262       
965        325       
965        390       
965        478       
966        151       
967        1455      
967        1881      
968        415       
968        970       
968        1056      
968        1107      
968        1357      
968        1748      
969        241       
969        447       
969        1184      
969        1213      
970        1243      
970        1275      
970        1304      
971        104       
971        1121      
971        1155      
971        1811      
971        1904      
971        2005      
972        340       
974        247       
976        76        
977        94        
977        112       
977        1041      
978        1023      
978        1118      
978        1294      
979        529       
979        572       
979        1220      
981        216       
982        41        
982        501       
983        1142      
984        451       
985        401       
985        753       
985        1105      
985        1345      
985        1767      
987        45        
987        366       
987        983       
991        1439      
992        1176      
992        1190      
992        1389      
993        72        
993        1159      
993        1402      
994        5         
994        901       
994        1240      
994        1276      
995        730       
995        1073      
995        1375      
995        1420      
996        484       
996        1277      
996        1535      
996        1735      
997        500       
997        1702      
998        817       
998        879       
998        896       
999        483       
999        1139      
1000       321       
1000       606       
1000       1373      
1000       1486      
1000       1491      
1001       465       
1001       487       
1001       649       
1001       851       
1001       1720      
1002       1356      
1002       1515      
1003       303       
1003       1736      
1003       1959      
1005       266       
1006       203       
1006       371       
1006       505       
1006       1527      
1007       154       
1007       358       
1008       1180      
1008       1661      
1009       217       
1009       432       
1009       651       
1009       1052      
1009       1153      
1009       1339      
1009       1472      
1010       217       
1010       1090      
1010       1790      
1011       107       
1011       998       
1011       1369      
1012       183       
1012       2003      
1014       1001      
1014       1452      
1015       148       
1016       811       
1016       971       
1016       1389      
1016       1460      
1017       194       
1017       2023      
1018       1759      
1019       366       
1020       1063      
1021       1503      
1022       1389      
1024       788       
1024       911       
1024       1685      
1025       769       
1025       1792      
1026       1804      
1027       715       
1027       1456      
1027       1573      
1027       1640      
1028       478       
1028       521       
1028       1453      
1029       337       
1029       557       
1029       577       
1029       823       
1030       955       
1031       1683      
1033       536       
1033       780       
1033       839       
1034       579       
1035       1331      
1035       1550      
1036       841       
1038       893       
1039       329       
1039       809       
1040       1704      
1040       1771      
1044       64        
1045       1744      
1048       652       
1048       903       
1050       694       
1051       1580      
1056       604       
1056       728       
1057       280       
1057       849       
1059       131       
1059       184       
1059       186       
1059       859       
1061       152       
1061       196       
1061       922       
1063       1791      
1063       1811      
1064       208       
1064       782       
1065       156       
1065       1967      
1066       1290      
1067       1647      
1067       1661      
1067       1888      
1068       944       
1068       1799      
1069       226       
1069       771       
1070       612       
1074       755       
1076       546       
1076       646       
1077       830       
1080       315       
1080       1171      
1081       453       
1081       926       
1081       1778      
1083       1991      
1087       376       
1087       836       
1088       874       
1088       1202      
1089       1675      
1090       34        
1090       234       
1090       721       
1090       809       
1090       1002      
1091       1909      
1092       29        
1093       837       
1093       1347      
1096       570       
1096       1712      
1097       575       
1097       738       
1097       810       
1098       1509      
1098       1985      
1099       751       
1099       2028      
1101       1933      
1103       1390      
1104       360       
1105       622       
1105       1213      
1106       860       
1112       737       
1112       760       
1112       1788      
1113       1003      
1114       1843      
1117       1584      
1118       1651      
1119       234       
1120       1547      
1120       1644      
1120       1900      
1121       1757      
1123       593       
1123       994       
1123       1907      
1125       188       
1125       1590      
1125       1767      
1126       873       
1126       1517      
1127       526       
1127       1451      
1128       782       
1128       896       
1128       1659      
1129       689       
1129       1805      
1130       392       
1130       986       
1131       710       
1131       817       
1131       1035      
1131       1751      
1133       634       
1134       550       
1135       431       
1135       1138      
1136       1379      
1137       2033      
1139       715       
1140       696       
1144       1630      
1145       812       
1145       1457      
1146       1262      
1146       1886      
1147       238       
1147       629       
1147       632       
1147       841       
1147       1007      
1148       744       
1149       988       
1151       878       
1151       910       
1152       884       
1153       931       
1153       1222      
1159       780       
1159       1550      
1159       1678      
1160       95        
1160       179       
1160       350       
1160       1700      
1162       990       
1162       1089      
1162       1920      
1167       921       
1169       827       
1169       1627      
1170       222       
1170       793       
1173       1694      
1174       696       
1178       1698      
1179       484       
1180       88        
1182       181       
1185       1690      
1186       694       
1186       972       
1186       1161      
1187       739       
1188       207       
1189       167       
1189       885       
1192       484       
1192       677       
1192       1732      
1194       114       
1194       131       
1195       922       
1195       1723      
1198       1623      
1202       1765      
1203       563       
1205       716       
1206       2027      
1209       726       
1210       729       
1211       581       
1211       743       
1211       1644      
1215       641       
1216       8         
1218       708       
1219       1597      
1219       1625      
1221       440       
1221       448       
1223       1292      
1223       1576      
1223       1940      
1224       362       
1225       351       
1225       480       
1226       547       
1227       1577      
1229       978       
1231       686       
1231       1690      
1233       1994      
1235       1243      
1237       681       
1237       754       
1239       1423      
1242       255       
1242       976       
1243       1870      
1245       891       
1248       117       
1248       212       
1248       1619      
1249       720       
1250       2037      
1251       614       
1251       826       
1251       866       
1253       1769      
1255       895       
1256       738       
1256       1666      
1256       1894      
1257       40        
1257       1715      
1257       1738      
1257       1897      
1258       744       
1258       818       
1258       1799      
1266       1512      
1267       1658      
1271       766       
1272       2045      
1274       1228      
1274       1577      
1275       819       
1280       766       
1281       716       
1281       936       
1281       1350      
1282       32        
1282       203       
1282       842       
1282       989       
1282       1374      
1282       1382      
1282       1684      
1283       455       
1283       512       
1283       964       
1283       1853      
1283       2011      
1284       254       
1284       846       
1285       711       
1285       731       
1285       1677      
1287       680       
1288       16        
1288       624       
1288       716       
1288       807       
1288       1736      
1289       778       
1289       961       
1289       1870      
1289       1932      
1289       2024      
1290       479       
1290       582       
1290       1643      
1291       96        
1291       140       
1291       1380      
1291       1604      
1292       616       
1292       1792      
1293       212       
1293       543       
1293       1814      
1294       278       
1295       254       
1295       324       
1295       561       
1295       789       
1295       821       
1295       1828      
1296       1550      
1297       1281      
1298       162       
1298       914       
1298       1566      
1299       765       
1299       794       
1299       2022      
1300       338       
1300       759       
1300       1717      
1301       777       
1301       1592      
1301       1978      
1302       281       
1302       969       
1303       577       
1304       543       
1304       643       
1305       459       
1305       653       
1305       922       
1306       152       
1307       703       
1307       867       
1307       1819      
1308       243       
1308       1567      
1309       1751      
1311       1683      
1312       190       
1312       1676      
1313       408       
1313       1290      
1313       1592      
1313       1960      
1314       157       
1314       681       
1314       1600      
1314       1855      
1315       18        
1315       512       
1315       542       
1315       668       
1315       1771      
1315       1901      
1316       519       
1316       558       
1316       628       
1316       1065      
1316       1320      
1316       1821      
1317       589       
1317       995       
1317       1484      
1317       1536      
1317       1755      
1318       550       
1318       798       
1318       1437      
1318       1897      
1319       531       
1319       673       
1319       984       
1319       1007      
1320       516       
1320       1006      
1321       91        
1321       534       
1321       902       
1322       144       
1322       409       
1322       487       
1322       676       
1323       243       
1323       309       
1323       415       
1323       520       
1323       1706      
1324       509       
1325       132       
1325       1865      
1326       94        
1327       966       
1327       1047      
1327       1899      
1329       1891      
1330       829       
1330       1964      
1331       385       
1331       1511      
1331       1721      
1331       1908      
1334       881       
1336       1686      
1337       608       
1337       1915      
1338       172       
1338       354       
1339       610       
1340       310       
1343       644       
1343       1663      
1343       1670      
1344       42        
1344       44        
1344       139       
1344       572       
1344       751       
1344       1161      
1344       1660      
1344       1795      
1345       47        
1345       799       
1345       1021      
1345       1583      
1345       1780      
1345       1799      
1346       218       
1346       1238      
1347       288       
1347       538       
1347       1355      
1347       1373      
1347       1505      
1347       1602      
1348       646       
1348       1322      
1348       1428      
1349       48        
1350       254       
1350       348       
1351       108       
1351       1619      
1352       335       
1352       507       
1352       766       
1353       0         
1353       66        
1353       334       
1353       833       
1353       861       
1354       293       
1354       448       
1354       727       
1354       828       
1354       919       
1354       1147      
1355       234       
1355       355       
1355       358       
1355       748       
1355       1108      
1355       1730      
1357       622       
1357       785       
1357       1678      
1358       1199      
1359       578       
1360       1266      
1360       1763      
1361       1280      
1361       1397      
1361       1641      
1363       81        
1363       1216      
1363       1636      
1363       1676      
1365       744       
1366       1736      
1367       680       
1367       733       
1367       1658      
1368       11        
1368       1043      
1369       232       
1369       1547      
1369       1886      
1370       519       
1370       1299      
1371       203       
1371       1885      
1372       370       
1373       936       
1374       1564      
1375       1599      
1375       1758      
1376       934       
1376       1245      
1376       1401      
1377       585       
1377       589       
1377       592       
1377       1050      
1377       1924      
1377       1993      
1378       929       
1379       391       
1379       501       
1379       563       
1379       708       
1379       751       
1379       1866      
1380       938       
1380       987       
1380       1845      
1380       2002      
1381       33        
1381       507       
1381       707       
1381       770       
1381       970       
1381       1775      
1382       772       
1382       1021      
1383       539       
1384       514       
1384       711       
1384       1017      
1385       116       
1385       472       
1385       482       
1385       537       
1385       777       
1385       935       
1385       995       
1386       561       
1386       830       
1386       1008      
1386       1768      
1387       270       
1387       277       
1387       336       
1387       488       
1387       538       
1387       712       
1387       714       
1387       1351      
1387       1772      
1388       70        
1388       268       
1388       380       
1388       592       
1388       857       
1388       1604      
1388       1702      
1389       448       
1389       612       
1389       680       
1390       1685      
1391       1308      
1391       1545      
1391       1886      
1392       729       
1393       116       
1393       596       
1393       974       
1394       170       
1394       494       
1394       811       
1394       1773      
1395       1628      
1395       1883      
1397       1313      
1399       883       
1401       714       
1402       835       
1402       1191      
1403       28        
1403       847       
1403       1073      
1403       1886      
1403       1950      
1405       937       
1405       1964      
1406       2002      
1407       740       
1408       654       
1408       677       
1408       1695      
1409       143       
1409       290       
1409       1630      
1409       1664      
1409       1688      
1409       1720      
1409       1965      
1410       296       
1410       465       
1410       561       
1410       1929      
1411       91        
1411       220       
1411       655       
1412       144       
1412       769       
1412       1002      
1412       2010      
1413       793       
1413       1277      
1413       1393      
1415       198       
1415       326       
1415       724       
1415       987       
1416       192       
1416       651       
1416       951       
1417       74        
1417       648       
1417       956       
1418       661       
1418       714       
1418       1582      
1419       1039      
1420       82        
1421       1205      
1422       326       
1422       1709      
1423       336       
1423       718       
1423       749       
1423       865       
1424       40        
1424       733       
1425       5         
1425       589       
1425       1223      
1425       1934      
1427       409       
1427       940       
1428       700       
1428       1718      
1431       400       
1432       1181      
1432       1306      
1432       1681      
1433       255       
1433       279       
1433       533       
1433       541       
1433       575       
1433       576       
1435       1098      
1435       1756      
1437       1000      
1440       75        
1440       615       
1440       907       
1440       1199      
1440       1224      
1440       1929      
1441       1332      
1442       392       
1443       35        
1443       986       
1444       1180      
1445       821       
1446       754       
1446       772       
1446       1029      
1446       1910      
1447       818       
1447       1220      
1447       1701      
1448       443       
1448       463       
1449       698       
1450       1389      
1450       1430      
1451       335       
1451       659       
1451       1695      
1451       1814      
1452       266       
1452       1450      
1452       1543      
1453       656       
1454       1501      
1455       702       
1455       1061      
1455       1285      
1456       901       
1457       149       
1457       152       
1458       178       
1459       995       
1460       953       
1461       675       
1464       1549      
1465       128       
1465       518       
1465       1401      
1466       248       
1466       654       
1467       704       
1467       1010      
1468       403       
1471       417       
1472       202       
1472       654       
1472       1256      
1472       1931      
1473       170       
1473       233       
1473       654       
1473       928       
1473       1309      
1473       1679      
1474       157       
1474       641       
1474       975       
1475       402       
1475       1524      
1475       1736      
1475       2043      
1477       170       
1479       226       
1479       1013      
1480       729       
1480       731       
1480       914       
1480       1273      
1480       1372      
1480       1895      
1481       229       
1481       404       
1481       1095      
1482       687       
1483       751       
1484       85        
1485       1615      
1487       391       
1488       626       
1488       994       
1488       1825      
1489       504       
1490       753       
1494       655       
1495       730       
1497       843       
1498       1834      
1499       684       
1499       1088      
1499       2007      
1500       1553      
1502       987       
1504       609       
1504       2041      
1505       505       
1505       594       
1505       663       
1505       1923      
1506       696       
1506       747       
1506       1883      
1507       619       
1507       664       
1507       1004      
1507       1189      
1507       1501      
1507       1599      
1507       1604      
1507       1776      
1507       1865      
1508       1455      
1508       1568      
1508       2000      
1509       656       
1509       1014      
1511       433       
1512       159       
1512       494       
1512       877       
1512       1351      
1512       1624      
1513       647       
1513       1679      
1514       359       
1514       886       
1515       710       
1515       712       
1515       1099      
1515       1509      
1516       792       
1516       1069      
1517       373       
1519       844       
1520       107       
1520       725       
1522       1007      
1522       1704      
1523       1009      
1524       662       
1527       1446      
1527       1716      
1528       263       
1528       755       
1528       1504      
1529       142       
1529       210       
1529       1496      
1530       889       
1530       1122      
1531       1773      
1533       754       
1533       1777      
1536       114       
1536       942       
1537       83        
1537       151       
1537       802       
1537       1032      
1537       1195      
1538       42        
1538       1195      
1538       1544      
1539       184       
1539       862       
1539       1100      
1539       1766      
1539       1777      
1539       1828      
1540       643       
1541       386       
1541       839       
1541       1368      
1542       1155      
1543       165       
1544       7         
1544       1125      
1545       107       
1545       171       
1545       375       
1545       1296      
1545       1753      
1546       135       
1546       136       
1546       641       
1547       701       
1547       1529      
1548       215       
1549       514       
1549       1726      
1550       469       
1550       1250      
1551       1446      
1553       1240      
1554       22        
1556       1113      
1558       457       
1559       1254      
1561       1685      
1562       170       
1564       171       
1565       203       
1568       61        
1568       130       
1568       333       
1568       492       
1568       854       
1568       2019      
1569       165       
1569       670       
1569       1149      
1569       1804      
1570       261       
1570       303       
1570       772       
1570       1118      
1570       1122      
1571       137       
1572       1506      
1573       678       
1573       1316      
1574       920       
1575       573       
1576       97        
1576       414       
1576       419       
1577       12        
1577       194       
1577       306       
1577       1078      
1577       1137      
1578       474       
1578       1210      
1579       80        
1579       181       
1579       225       
1579       227       
1579       717       
1579       1124      
1579       1458      
1579       1513      
1579       1728      
1580       939       
1581       390       
1581       1215      
1582       1647      
1582       1845      
1585       89        
1585       166       
1585       1064      
1585       1298      
1587       155       
1587       758       
1588       296       
1588       1222      
1589       1286      
1589       1786      
1592       1827      
1593       111       
1593       1240      
1593       1434      
1594       115       
1594       336       
1594       1395      
1595       114       
1597       1263      
1599       362       
1599       717       
1600       479       
1601       317       
1601       332       
1601       845       
1601       878       
1601       1130      
1601       1277      
1601       1600      
1601       2019      
1602       7         
1602       905       
1603       452       
1603       1313      
1604       1023      
1605       903       
1606       227       
1606       2019      
1607       1244      
1607       1852      
1609       75        
1609       279       
1609       346       
1609       599       
1609       1564      
1610       390       
1610       1100      
1611       354       
1611       1531      
1614       65        
1614       143       
1614       328       
1614       1097      
1615       1374      
1616       203       
1616       417       
1616       425       
1617       860       
1618       1512      
1621       315       
1625       74        
1627       1089      
1628       327       
1628       1901      
1629       852       
1631       1055      
1632       286       
1632       751       
1632       1957      
1633       68        
1633       77        
1633       974       
1633       1283      
1634       200       
1634       423       
1635       247       
1635       320       
1635       349       
1635       1432      
1636       618       
1636       1150      
1638       1082      
1638       1618      
1638       1774      
1640       170       
1640       577       
1640       1359      
1641       1111      
1642       1261      
1642       1319      
1643       259       
1643       282       
1643       399       
1643       716       
1643       1133      
1645       1377      
1646       974       
1646       1032      
1647       91        
1647       433       
1647       1274      
1647       1636      
1648       1502      
1648       1692      
1651       13        
1651       85        
1651       407       
1651       888       
1652       1413      
1653       430       
1656       101       
1656       1153      
1657       103       
1657       143       
1657       294       
1658       1569      
1659       114       
1659       167       
1664       1126      
1664       1456      
1666       151       
1667       559       
1673       448       
1673       922       
1673       1410      
1673       1715      
1675       1480      
1678       1073      
1679       447       
1681       1525      
1681       2038      
1682       1410      
1683       398       
1687       1272      
1688       381       
1688       399       
1688       1110      
1689       643       
1691       1170      
1691       1230      
1693       1532      
1693       1705      
1694       142       
1694       201       
1695       94        
1695       1448      
1696       226       
1696       1962      
1697       1334      
1697       1726      
1698       38        
1699       498       
1699       1543      
1701       488       
1701       1673      
1702       465       
1704       187       
1704       436       
1705       228       
1705       254       
1705       428       
1705       1248      
1705       1450      
1706       1266      
1707       1198      
1707       1997      
1709       185       
1709       433       
1711       1360      
1712       1279      
1713       1393      
1714       149       
1717       191       
1717       488       
1718       132       
1718       409       
1720       90        
1720       302       
1723       1462      
1726       60        
1729       519       
1729       779       
1729       905       
1730       72        
1730       228       
1730       476       
1731       82        
1735       1560      
1736       249       
1736       296       
1736       400       
1736       496       
1737       216       
1737       619       
1737       1277      
1738       372       
1739       831       
1740       1193      
1743       1173      
1749       210       
1751       1500      
1752       100       
1752       1050      
1753       346       
1753       694       
1754       1075      
1755       138       
1755       753       
1755       1362      
1757       748       
1760       359       
1761       77        
1761       1162      
1763       170       
1763       455       
1763       617       
1765       748       
1767       386       
1768       752       
1768       1470      
1768       1512      
1769       200       
1769       721       
1769       1100      
1769       1103      
1769       1228      
1770       175       
1770       237       
1770       427       
1770       485       
1770       1150      
1771       1510      
1772       889       
1774       172       
1775       52        
1776       183       
1777       369       
1779       2036      
1781       486       
1782       938       
1782       1116      
1783       120       
1785       491       
1785       612       
1785       1759      
1788       1526      
1791       1130      
1792       910       
1792       952       
1792       1155      
1792       1500      
1793       80        
1793       140       
1793       185       
1793       1540      
1793       1785      
1794       27        
1794       1040      
1794       1237      
1795       33        
1795       237       
1795       642       
1795       1160      
1795       1224      
1795       1378      
1796       136       
1796       234       
1797       348       
1797       1421      
1798       64        
1798       390       
1799       1791      
1800       1361      
1801       10        
1801       271       
1801       402       
1801       1074      
1801       1154      
1801       1303      
1801       1436      
1801       1673      
1802       128       
1802       134       
1802       219       
1802       350       
1802       1236      
1803       38        
1803       256       
1803       258       
1803       350       
1803       978       
1803       1295      
1803       1560      
1804       1070      
1804       1911      
1805       70        
1805       92        
1805       993       
1805       1744      
1806       71        
1806       126       
1806       186       
1806       298       
1806       405       
1807       318       
1807       1067      
1807       1419      
1809       382       
1809       816       
1809       1153      
1810       467       
1810       1665      
1811       953       
1811       1500      
1812       1553      
1813       691       
1813       766       
1815       511       
1815       1597      
1816       192       
1816       313       
1816       1331      
1818       75        
1819       367       
1820       136       
1824       256       
1824       423       
1824       470       
1825       54        
1825       82        
1825       168       
1825       204       
1825       314       
1825       345       
1825       431       
1825       939       
1825       1280      
1825       1470      
1825       1636      
1826       96        
1826       661       
1826       701       
1826       795       
1826       1023      
1826       1308      
1827       562       
1827       1281      
1829       419       
1829       560       
1829       1030      
1830       110       
1830       453       
1830       686       
1831       19        
1831       779       
1832       325       
1832       407       
1832       503       
1832       955       
1832       1009      
1832       1166      
1833       40        
1833       153       
1833       452       
1833       583       
1833       659       
1833       666       
1833       1195      
1833       1623      
1834       4         
1834       236       
1834       383       
1834       494       
1834       779       
1834       990       
1834       1188      
1834       2005      
1835       160       
1835       502       
1835       605       
1835       653       
1835       824       
1835       1138      
1835       1823      
1836       420       
1836       1059      
1836       1501      
1837       1         
1837       231       
1837       1424      
1837       1845      
1837       2006      
1838       712       
1838       903       
1839       1063      
1840       41        
1840       128       
1840       264       
1840       308       
1840       400       
1840       608       
1840       2036      
1841       738       
1842       1928      
1842       1953      
1843       830       
1843       1313      
1844       145       
1844       442       
1844       1244      
1844       1684      
1845       301       
1848       311       
1848       1046      
1848       1703      
1849       97        
1849       778       
1849       1380      
1849       1389      
1850       1664      
1851       187       
1851       563       
1851       1710      
1852       592       
1852       1043      
1853       148       
1853       1188      
1854       199       
1854       609       
1856       31        
1856       276       
1856       1314      
1856       1896      
1856       1984      
1857       380       
1857       497       
1858       78        
1858       208       
1858       389       
1859       170       
1859       211       
1859       304       
1859       366       
1859       467       
1859       715       
1859       1040      
1859       1261      
1860       1474      
1861       158       
1861       164       
1861       1370      
1862       1431      
1863       126       
1863       236       
1863       346       
1863       1990      
1864       362       
1865       158       
1865       1134      
1865       1240      
1865       1905      
1866       66        
1866       252       
1866       337       
1866       1121      
1867       17        
1867       109       
1867       192       
1867       195       
1867       1275      
1867       1468      
1868       45        
1868       1352      
1869       231       
1869       1508      
1870       868       
1871       34        
1871       281       
1871       1286      
1872       98        
1872       426       
1873       301       
1873       406       
1874       186       
1875       215       
1875       221       
1876       1410      
1877       717       
1877       1201      
1878       281       
1880       606       
1880       1132      
1881       1349      
1881       1396      
1881       1786      
1882       163       
1882       435       
1883       510       
1885       44        
1885       1012      
1888       38        
1888       269       
1888       404       
1888       872       
1888       952       
1888       1533      
1888       1626      
1888       1755      
1889       1324      
1889       1410      
1890       100       
1890       197       
1890       1526      
1890       1645      
1891       14        
1891       110       
1891       319       
1891       980       
1891       1100      
1891       1227      
1892       341       
1892       1045      
1892       1668      
1893       190       
1893       337       
1894       331       
1894       1144      
1895       247       
1896       202       
1896       365       
1896       1099      
1896       1259      
1897       367       
1897       1053      
1898       60        
1898       132       
1898       860       
1899       93        
1899       245       
1899       598       
1899       1239      
1900       293       
1900       351       
1900       1253      
1901       165       
1901       253       
1902       366       
1902       435       
1902       1198      
1902       1262      
1902       1771      
1903       389       
1903       407       
1903       783       
1903       1147      
1904       116       
1904       1507      
1905       167       
1905       172       
1905       361       
1905       1895      
1906       1163      
1906       1214      
1907       85        
1907       112       
1907       337       
1907       829       
1907       1032      
1907       1784      
1908       1406      
1910       2008      
1911       1249      
1912       434       
1912       653       
1912       1878      
1914       257       
1914       412       
1914       1907      
1915       467       
1915       1344      
1916       251       
1916       273       
1916       1232      
1917       100       
1918       1034      
1920       417       
1920       665       
1920       683       
1920       729       
1920       1110      
1920       1697      
1921       180       
1921       247       
1921       293       
1921       1112      
1921       1122      
1921       1283      
1923       132       
1923       152       
1923       459       
1923       497       
1925       174       
1925       685       
1925       830       
1926       1544      
1927       215       
1928       1691      
1929       622       
1931       138       
1931       1186      
1932       1807      
1933       39        
1933       1329      
1935       216       
1935       601       
1935       1149      
1935       1570      
1937       8         
1937       93        
1937       1229      
1939       1456      
1941       1132      
1944       183       
1944       832       
1945       1004      
1945       1452      
1946       1135      
1947       566       
1947       1406      
1948       190       
1949       165       
1949       949       
1950       869       
1952       601       
1952       646       
1953       855       
1953       896       
1953       1123      
1953       1226      
1953       1465      
1954       267       
1954       416       
1954       825       
1954       1181      
1954       1362      
1954       1598      
1954       1961      
1955       48        
1955       72        
1955       427       
1955       503       
1956       86        
1956       127       
1956       149       
1956       177       
1957       614       
1957       1184      
1957       1344      
1957       1733      
1957       1857      
1958       297       
1958       1734      
1959       666       
1960       989       
1961       120       
1961       935       
1961       1196      
1961       1640      
1962       452       
1963       50        
1963       62        
1963       1342      
1964       145       
1965       1040      
1965       1519      
1966       251       
1966       1292      
1967       134       
1967       219       
1967       1215      
1967       1751      
1968       676       
1969       827       
1969       1126      
1970       247       
1970       409       
1970       1027      
1971       780       
1971       901       
1971       1214      
1972       551       
1973       1782      
1975       628       
1975       1012      
1977       13        
1977       295       
1977       1301      
1978       195       
1978       420       
1978       693       
1979       189       
1979       1248      
1984       990       
1985       434       
1985       727       
1985       743       
1986       182       
1986       385       
1986       1152      
1987       495       
1987       723       
1987       961       
1987       1176      
1988       1490      
1989       453       
1989       1003      
1989       1095      
1989       1601      
1989       1678      
1989       2013      
1991       76        
1991       538       
1993       92        
1993       145       
1993       480       
1993       668       
1993       1802      
1993       1987      
1994       205       
1994       237       
1994       1275      
1994       1594      
1995       129       
1995       221       
1995       242       
1995       1015      
1995       1367      
1995       1495      
1996       382       
1997       1244      
2000       470       
2000       735       
2001       331       
2002       1365      
2002       1455      
2003       243       
2003       453       
2004       252       
2004       1192      
2005       586       
2005       942       
2006       740       
2008       1385      
2009       209       
2010       722       
2011       478       
2011       1038      
2015       230       
2016       195       
2016       360       
2016       1221      
2016       1504      
2017       80        
2017       87        
2017       241       
2017       373       
2017       500       
2017       662       
2017       1513      
2017       1753      
2018       137       
2018       486       
2018       499       
2018       1441      
2018       1449      
2019       350       
2019       374       
2019       1353      
2019       1708      
2020       1869      
2021       944       
2022       132       
2023       225       
2023       229       
2023       721       
2023       1181      
2024       419       
2025       461       
2025       473       
2025       1265      
2026       266       
2026       1896      
2027       131       
2027       497       
2027       1700      
2027       1773      
2028       252       
2028       1148      
2029       747       
2029       893       
2030       633       
2030       1406      
2031       639       
2031       1550      
2033       338       
2033       446       
2033       1064      
2034       166       
2034       1900      
2035       319       
2037       201       
2038       1479      
2039       503       
2040       65        
2040       104       
2042       71        
2043       100       
2043       155       
2043       205       
2043       320       
2043       706       
2044       524       
2045       454       
2045       1111      
