0          527       
0          862       
2          208       
2          1228      
3          353       
3          680       
4          524       
4          901       
5          582       
7          631       
8          493       
8          717       
9          1865      
10         1754      
10         2009      
11         172       
11         961       
12         275       
13         255       
13         486       
13         1261      
13         1865      
14         1763      
15         1577      
16         1277      
18         178       
19         673       
20         212       
20         364       
20         578       
21         37        
21         570       
21         1056      
22         1600      
24         1146      
24         1259      
25         1266      
26         1861      
27         1544      
28         952       
28         1718      
29         1376      
30         658       
30         792       
30         795       
30         1174      
31         1167      
32         96        
32         161       
32         698       
32         867       
32         1877      
33         1858      
34         244       
35         1471      
36         451       
36         783       
37         1480      
38         833       
39         1798      
40         899       
40         1992      
41         1550      
41         1799      
42         1731      
43         1257      
43         1269      
44         806       
44         1075      
44         1588      
44         1992      
46         1803      
47         1313      
48         146       
48         629       
48         1365      
50         533       
50         1049      
50         1738      
52         997       
52         1658      
52         1906      
53         1013      
53         1371      
54         167       
54         1674      
55         1138      
56         1608      
57         1197      
58         1060      
58         1700      
60         305       
60         688       
60         788       
60         913       
60         973       
60         1270      
60         1934      
61         486       
61         1197      
61         1421      
62         74        
63         1375      
64         378       
64         599       
64         630       
65         599       
68         8         
69         1125      
70         593       
70         1737      
71         581       
72         112       
72         160       
72         1144      
72         1900      
74         841       
74         1382      
76         876       
76         973       
76         1157      
76         1891      
76         2009      
77         350       
77         940       
77         1799      
80         1012      
82         2024      
84         1178      
84         1728      
85         642       
85         1228      
85         1502      
85         1743      
85         1998      
88         104       
88         1131      
88         1985      
88         2047      
89         914       
89         1681      
92         204       
92         371       
93         1683      
94         264       
94         728       
94         1276      
94         1799      
96         1704      
100        950       
102        1641      
104        75        
104        407       
104        1039      
104        1111      
104        1554      
104        1590      
105        1626      
106        1007      
107        243       
107        482       
108        666       
108        748       
108        1261      
108        1825      
109        281       
109        1420      
110        651       
110        869       
110        1135      
110        1687      
110        1771      
112        787       
112        1656      
113        491       
113        1197      
113        1744      
115        704       
116        195       
116        887       
116        891       
116        928       
116        1920      
117        29        
118        792       
118        2004      
119        245       
119        292       
120        40        
120        1331      
120        1640      
120        1771      
120        1869      
121        1912      
122        242       
122        2009      
124        320       
124        1629      
125        498       
125        702       
125        881       
125        1641      
125        1768      
126        696       
126        727       
127        289       
127        1374      
128        1825      
128        2006      
129        1568      
130        772       
132        386       
132        592       
132        749       
133        313       
134        1986      
135        1087      
136        98        
137        1353      
139        963       
140        387       
140        679       
140        1152      
141        525       
141        682       
141        808       
141        995       
141        1155      
141        1497      
141        1935      
142        809       
142        1114      
142        1798      
142        1881      
143        1343      
144        793       
144        929       
145        1092      
148        1999      
152        329       
152        1028      
153        2         
153        643       
153        1307      
154        1300      
154        1721      
156        460       
156        1014      
156        1583      
156        1596      
157        1184      
157        1243      
158        1772      
159        681       
159        1259      
159        1750      
160        209       
160        1793      
161        32        
161        588       
161        794       
162        992       
163        170       
164        678       
164        840       
164        1237      
164        1710      
164        1983      
165        1538      
166        723       
168        270       
168        573       
168        840       
168        856       
168        1870      
169        177       
169        681       
169        1464      
172        1444      
172        1570      
172        1660      
172        1993      
173        243       
174        408       
174        879       
174        887       
174        1513      
174        1514      
176        73        
176        626       
176        802       
176        1933      
176        2022      
178        1705      
179        585       
180        263       
180        1905      
181        544       
181        1364      
182        618       
184        682       
184        997       
184        1014      
184        1566      
184        1931      
186        1811      
187        1708      
188        528       
188        683       
188        1278      
189        888       
189        1546      
190        969       
191        1993      
192        478       
192        694       
192        713       
192        1223      
193        1474      
194        688       
196        302       
196        632       
196        890       
197        156       
198        853       
200        633       
200        712       
200        847       
202        303       
202        540       
202        1755      
204        28        
204        203       
204        653       
204        1032      
204        1121      
204        1345      
205        89        
205        204       
205        362       
205        1073      
205        1564      
206        55        
206        1098      
206        1803      
208        75        
208        522       
208        1281      
211        146       
212        855       
212        900       
212        1165      
212        1602      
214        681       
215        290       
216        841       
216        1076      
216        1748      
216        1900      
216        2000      
217        618       
218        293       
218        312       
218        848       
218        1630      
218        1907      
218        2011      
220        230       
220        247       
220        584       
220        800       
220        1091      
221        542       
221        1669      
221        2044      
222        785       
222        1434      
222        1768      
223        460       
224        580       
224        587       
224        608       
224        751       
224        1034      
224        1646      
224        1968      
226        251       
226        476       
226        593       
226        1527      
226        1731      
227        1715      
228        40        
228        1575      
229        81        
229        638       
229        887       
229        1914      
230        1083      
231        36        
231        674       
232        129       
232        762       
232        780       
232        984       
233        736       
234        794       
236        258       
236        438       
236        481       
236        907       
236        1150      
236        1222      
236        1259      
236        1736      
236        1772      
236        1789      
236        2013      
237        128       
237        1604      
238        1784      
239        1506      
240        130       
240        1624      
242        565       
244        543       
244        744       
245        1105      
245        1981      
247        358       
248        290       
248        758       
248        918       
248        1085      
248        1178      
248        1553      
249        616       
249        746       
249        1134      
249        1649      
250        972       
250        1706      
252        1126      
252        1235      
252        1903      
253        1763      
255        1404      
255        1641      
255        2038      
257        19        
260        797       
260        838       
260        1387      
261        1559      
262        771       
264        1038      
265        613       
265        709       
266        521       
266        1728      
268        681       
268        1793      
268        2005      
269        717       
270        573       
275        1617      
276        835       
276        1030      
276        1449      
277        70        
278        1482      
281        658       
283        105       
284        832       
284        1900      
285        1772      
287        19        
287        671       
292        20        
292        1294      
292        1348      
292        1913      
293        103       
293        485       
294        686       
294        1670      
295        831       
296        1773      
297        488       
297        557       
299        1543      
300        525       
300        760       
300        1135      
300        1707      
301        1294      
301        1342      
301        1343      
301        1743      
301        1858      
302        576       
302        1064      
306        560       
306        672       
306        1603      
308        1907      
309        617       
309        725       
310        1543      
311        1915      
312        490       
312        682       
314        170       
315        572       
315        1720      
315        1925      
316        673       
317        549       
318        1669      
319        568       
319        1203      
320        1208      
320        1382      
323        1109      
323        1886      
324        419       
325        128       
325        706       
325        850       
327        278       
327        767       
327        880       
328        219       
328        1426      
328        1482      
330        748       
332        218       
332        712       
332        1487      
333        925       
333        1613      
334        677       
334        1478      
335        962       
336        657       
336        1746      
338        1610      
340        998       
341        391       
341        643       
342        1222      
343        1224      
346        384       
346        1133      
346        1542      
348        998       
348        1555      
348        1673      
348        1878      
349        671       
349        1290      
350        101       
350        150       
351        710       
352        161       
353        608       
354        755       
354        1791      
356        745       
356        1768      
357        1004      
358        630       
358        999       
358        1644      
358        1851      
360        51        
360        231       
362        733       
362        1102      
362        1252      
362        1636      
363        1058      
364        251       
364        598       
364        761       
364        1495      
364        1610      
364        1909      
364        1919      
366        228       
366        258       
366        1811      
367        1692      
367        1735      
368        701       
368        1750      
368        1982      
370        832       
371        42        
371        1587      
372        374       
373        521       
373        629       
373        741       
373        891       
373        1289      
373        1724      
374        375       
374        620       
374        931       
374        1394      
375        75        
376        560       
376        675       
377        1432      
379        600       
379        1000      
380        1345      
380        1634      
380        1755      
380        1901      
381        1057      
386        1693      
387        93        
387        416       
387        418       
388        31        
388        899       
389        1737      
390        747       
391        977       
392        1424      
396        1262      
396        1477      
396        1483      
396        1547      
396        2018      
397        654       
397        1425      
397        1540      
397        2002      
398        651       
398        675       
398        677       
399        1564      
400        915       
401        646       
402        1766      
403        1354      
404        519       
404        656       
404        693       
404        1552      
405        1700      
405        1764      
406        821       
406        1154      
408        1401      
409        167       
409        185       
409        198       
411        1553      
412        63        
412        650       
412        1640      
413        2029      
414        770       
416        691       
416        1559      
418        1602      
418        2027      
419        1270      
420        183       
420        295       
420        785       
420        1113      
421        2041      
422        735       
422        784       
424        148       
424        1097      
427        2026      
428        417       
428        904       
428        931       
428        1964      
429        36        
429        299       
429        636       
429        1199      
430        818       
430        1696      
430        1858      
431        173       
432        98        
432        685       
432        739       
436        563       
436        693       
436        816       
436        963       
436        1132      
436        1240      
437        369       
437        1184      
438        1002      
438        1986      
439        374       
440        194       
440        866       
440        1952      
444        24        
444        731       
444        1910      
445        189       
446        690       
447        1710      
448        629       
449        198       
449        1373      
450        1225      
452        458       
452        774       
452        1476      
452        1746      
453        64        
453        592       
454        103       
456        645       
456        707       
456        1577      
457        338       
458        349       
459        1227      
460        200       
460        649       
460        653       
460        854       
460        1535      
460        1666      
461        1693      
461        1729      
462        704       
462        744       
462        992       
463        350       
463        875       
464        722       
464        994       
464        1674      
468        557       
469        850       
472        646       
472        705       
472        1109      
473        796       
474        89        
475        699       
475        964       
475        1733      
476        76        
476        236       
476        571       
476        1173      
476        1412      
476        1422      
476        1912      
477        1584      
477        1684      
477        1758      
478        4         
478        1754      
479        1220      
479        1289      
479        1950      
480        1378      
480        1586      
481        627       
482        984       
483        558       
484        3         
484        507       
484        755       
484        876       
485        1238      
486        585       
487        678       
488        634       
489        14        
489        96        
489        787       
489        1811      
492        226       
492        684       
492        1503      
492        1992      
493        184       
493        535       
493        715       
493        875       
493        1390      
493        1737      
494        93        
494        847       
494        1455      
494        1962      
495        78        
495        646       
495        1516      
495        1780      
495        1820      
496        179       
496        1640      
497        1733      
499        154       
499        1283      
500        627       
500        1304      
500        1530      
500        1557      
501        290       
501        552       
501        673       
501        787       
503        427       
504        796       
504        1074      
504        1371      
504        1619      
504        1920      
505        371       
505        731       
507        481       
508        451       
508        690       
508        864       
508        1739      
509        123       
509        392       
509        1236      
509        1593      
510        758       
510        1148      
512        17        
513        710       
515        1571      
515        2003      
516        450       
516        860       
516        1939      
517        452       
517        1536      
517        1730      
517        1731      
518        547       
520        591       
520        1042      
520        1168      
521        758       
521        1693      
522        549       
524        825       
524        955       
524        1811      
526        1477      
527        109       
527        1676      
528        1703      
528        1947      
532        722       
532        1707      
532        1992      
533        725       
534        1702      
534        1845      
537        640       
539        1915      
540        454       
540        2001      
541        283       
543        992       
544        941       
544        1322      
544        1641      
548        224       
548        747       
549        0         
549        1539      
552        1601      
553        748       
554        44        
554        1000      
554        1142      
554        1626      
555        1298      
556        4         
556        972       
556        1839      
557        172       
557        858       
558        275       
558        1002      
558        1250      
559        271       
560        428       
560        1010      
561        798       
561        1065      
561        1584      
562        443       
563        583       
564        33        
564        424       
564        437       
564        884       
564        1179      
565        1979      
567        204       
568        557       
568        1698      
568        1752      
569        742       
569        1106      
569        1552      
570        1375      
570        1598      
572        1234      
572        1601      
572        1758      
572        2044      
573        615       
573        1633      
574        6         
574        671       
574        1368      
575        321       
577        1173      
578        488       
579        721       
580        135       
580        834       
581        455       
582        1861      
585        1864      
585        1986      
586        463       
588        775       
589        1230      
590        996       
591        1110      
593        786       
594        369       
594        1565      
595        520       
595        1560      
595        1625      
596        597       
596        882       
596        1541      
597        224       
600        707       
600        1605      
600        1751      
601        403       
601        778       
602        528       
604        602       
604        672       
604        1350      
605        777       
605        1232      
605        1478      
608        469       
608        1228      
609        422       
610        305       
610        1259      
612        1988      
613        563       
616        1515      
616        1897      
616        1924      
618        937       
620        674       
620        843       
620        1270      
622        1870      
623        2003      
624        473       
625        608       
625        756       
625        1615      
628        64        
628        889       
628        1810      
628        2002      
629        618       
629        966       
629        1730      
630        1343      
631        1424      
631        1911      
633        1277      
636        464       
636        588       
636        687       
636        722       
636        744       
636        1241      
636        1775      
637        1519      
637        1650      
637        1979      
638        750       
638        1972      
640        527       
641        1459      
642        699       
644        655       
644        1671      
645        593       
645        897       
646        588       
648        282       
648        714       
648        985       
648        1599      
649        708       
652        128       
652        910       
652        971       
653        195       
654        719       
655        1133      
659        570       
659        1757      
660        672       
660        1649      
660        1957      
661        769       
663        1235      
664        737       
664        781       
664        1114      
666        179       
666        1242      
667        712       
668        770       
668        1920      
669        1761      
670        35        
670        1548      
672        804       
672        827       
674        1581      
676        290       
677        201       
677        1064      
678        1859      
680        945       
681        452       
681        559       
681        1312      
681        1972      
682        430       
682        666       
683        691       
683        1961      
684        624       
685        1211      
686        1638      
687        750       
688        1233      
689        480       
690        304       
691        676       
692        995       
692        1708      
694        688       
694        1400      
696        319       
696        597       
696        685       
697        603       
697        740       
697        878       
697        1003      
698        1191      
699        777       
699        1381      
700        987       
700        1466      
700        1937      
701        1500      
702        1338      
702        1520      
704        1035      
705        1296      
708        750       
708        2047      
709        1673      
709        1829      
709        2024      
711        243       
712        650       
712        1664      
713        576       
713        1903      
716        195       
716        635       
716        1249      
716        1670      
719        734       
719        1268      
720        397       
720        1430      
721        14        
721        236       
724        519       
724        964       
724        985       
724        1217      
724        1344      
724        1860      
727        248       
728        259       
728        1941      
729        155       
730        1003      
732        444       
733        504       
733        723       
733        775       
733        1241      
733        1877      
734        457       
734        1037      
736        977       
736        1569      
737        1968      
738        1405      
740        213       
740        344       
740        368       
740        962       
741        1460      
744        487       
744        1318      
744        1631      
745        1167      
746        1193      
746        1762      
748        147       
748        220       
748        774       
748        1636      
749        544       
749        589       
749        643       
749        1560      
750        406       
750        481       
750        1235      
750        1750      
751        711       
751        1190      
752        147       
752        736       
752        893       
753        223       
754        1280      
756        675       
756        1572      
756        1868      
757        673       
757        1769      
758        617       
759        587       
760        364       
760        832       
761        1499      
761        1992      
762        1744      
764        424       
764        740       
764        1791      
765        832       
765        1303      
766        865       
767        929       
770        521       
770        790       
772        622       
774        240       
775        645       
776        462       
776        1574      
777        160       
777        906       
778        1886      
780        787       
780        1774      
781        910       
784        559       
784        1058      
792        410       
793        219       
796        686       
796        1529      
798        792       
799        552       
801        360       
801        616       
801        889       
802        1698      
803        518       
804        1674      
805        484       
805        1191      
806        868       
806        1058      
808        119       
808        556       
809        640       
811        128       
812        42        
812        200       
812        1107      
812        1738      
813        1141      
817        1576      
820        896       
820        1574      
821        1827      
823        819       
823        1886      
824        865       
825        499       
828        219       
828        869       
828        1370      
828        1690      
828        1800      
829        1869      
830        115       
830        177       
830        854       
830        1284      
832        1112      
833        329       
835        1701      
836        651       
836        745       
836        1751      
838        615       
838        845       
838        853       
838        1785      
840        335       
840        516       
840        1154      
840        1871      
841        84        
841        339       
841        672       
842        1704      
843        1085      
844        588       
844        622       
844        1194      
844        1975      
847        208       
848        907       
848        1088      
848        1874      
848        1896      
850        730       
852        575       
852        715       
852        1474      
854        608       
854        1100      
855        1024      
855        1196      
855        1990      
856        158       
856        1114      
857        223       
860        518       
860        591       
860        720       
860        875       
860        899       
862        1810      
864        36        
864        394       
866        1627      
868        418       
868        622       
868        623       
869        134       
869        728       
872        1136      
872        1250      
872        1648      
875        632       
875        1388      
876        358       
876        465       
876        760       
876        1257      
876        1624      
877        576       
877        819       
878        1664      
879        682       
879        1571      
882        519       
884        895       
884        1538      
884        1766      
884        2011      
886        1347      
887        73        
888        74        
889        1615      
890        714       
891        104       
892        849       
892        896       
892        1719      
893        561       
893        563       
894        270       
894        1027      
894        1997      
896        207       
896        1096      
897        1697      
899        706       
900        694       
901        213       
901        421       
902        1190      
902        1245      
904        354       
904        657       
905        1159      
905        1241      
906        202       
906        1611      
906        2025      
907        1923      
908        581       
908        681       
910        712       
913        1422      
914        1542      
916        145       
916        259       
916        1247      
916        1492      
916        2045      
917        21        
918        1245      
918        1623      
919        1543      
920        932       
920        1112      
922        656       
924        874       
924        1288      
925        926       
925        1007      
926        542       
928        192       
929        330       
929        962       
931        682       
931        829       
932        374       
932        864       
932        1391      
932        1655      
932        1809      
933        1714      
934        1453      
935        1950      
936        1219      
937        1495      
938        753       
940        1595      
940        2024      
941        633       
941        1855      
942        366       
942        636       
942        1729      
942        1795      
942        1870      
944        951       
945        813       
945        1076      
945        1601      
948        517       
948        1907      
949        674       
949        900       
951        1201      
951        1761      
952        854       
952        1897      
955        1714      
956        53        
956        688       
956        948       
956        1763      
957        53        
957        258       
960        791       
961        730       
962        134       
962        735       
964        723       
964        1818      
965        77        
966        634       
966        1234      
966        2040      
969        562       
970        77        
970        241       
970        384       
970        646       
972        109       
972        197       
972        704       
972        710       
972        1622      
973        93        
974        284       
976        299       
976        556       
978        184       
980        533       
980        664       
980        752       
981        1495      
985        18        
985        479       
986        468       
989        668       
989        762       
990        165       
990        611       
990        736       
990        1202      
991        234       
991        2031      
992        121       
992        634       
994        1782      
995        673       
996        140       
996        741       
996        836       
996        1597      
996        1742      
996        1912      
997        165       
997        1299      
997        1919      
998        1470      
998        1583      
1000       257       
1000       2024      
1001       1396      
1003       298       
1004       879       
1004       1071      
1004       1389      
1004       1434      
1005       628       
1006       547       
1010       743       
1011       533       
1012       251       
1012       484       
1012       579       
1012       731       
1014       910       
1014       1008      
1015       583       
1016       310       
1016       732       
1016       894       
1017       537       
1020       56        
1020       794       
1020       814       
1020       1963      
1021       171       
1021       1964      
1022       583       
1022       1097      
1023       113       
1023       430       
1023       1756      
1024       812       
1025       1019      
1025       1094      
1025       1248      
1026       1616      
1028       321       
1028       348       
1028       646       
1028       1185      
1028       1857      
1028       1947      
1031       980       
1032       325       
1032       462       
1032       958       
1033       9         
1033       139       
1033       345       
1034       1218      
1035       1257      
1036       1606      
1036       1836      
1037       1600      
1038       1119      
1038       1969      
1039       1009      
1039       1739      
1040       1729      
1041       323       
1044       350       
1044       740       
1044       1550      
1044       1642      
1045       837       
1045       1472      
1046       1520      
1046       1685      
1048       584       
1048       1615      
1048       1936      
1049       260       
1049       1544      
1049       1645      
1050       110       
1050       1192      
1050       1736      
1050       2003      
1051       1032      
1051       1739      
1052       246       
1052       554       
1052       642       
1052       1828      
1053       366       
1053       839       
1053       940       
1054       26        
1054       664       
1054       844       
1054       1729      
1055       1365      
1056       1901      
1058       769       
1060       94        
1060       166       
1060       194       
1060       365       
1060       516       
1060       1020      
1060       1944      
1061       39        
1061       1638      
1063       1414      
1063       1470      
1064       166       
1064       761       
1064       800       
1064       865       
1065       122       
1065       461       
1065       929       
1066       1629      
1067       1291      
1067       1760      
1068       343       
1068       986       
1068       1078      
1068       1768      
1068       1928      
1069       466       
1069       1333      
1069       1481      
1069       1827      
1070       712       
1070       1386      
1070       1892      
1070       2045      
1071       238       
1071       1646      
1072       710       
1072       1854      
1073       1769      
1074       531       
1074       1379      
1074       1599      
1076       201       
1077       1581      
1077       1608      
1077       1749      
1077       2023      
1078       1718      
1079       0         
1080       237       
1080       756       
1080       929       
1080       1656      
1080       1745      
1080       1802      
1080       1921      
1081       674       
1081       1427      
1081       1962      
1082       1634      
1084       323       
1084       1011      
1084       1018      
1084       1126      
1084       1441      
1084       1459      
1084       1949      
1084       1961      
1085       637       
1085       656       
1085       859       
1085       1698      
1086       643       
1086       726       
1086       1007      
1086       1776      
1088       529       
1088       587       
1088       1120      
1088       1321      
1089       577       
1089       1606      
1091       1960      
1092       487       
1092       896       
1093       528       
1093       644       
1094       283       
1094       452       
1094       722       
1094       987       
1094       1218      
1094       1357      
1095       610       
1095       1602      
1096       546       
1096       613       
1096       955       
1096       1257      
1097       738       
1097       1662      
1098       840       
1098       975       
1098       1025      
1098       1216      
1100       242       
1100       585       
1100       655       
1100       1001      
1100       1312      
1100       1361      
1100       1414      
1101       865       
1102       110       
1102       1028      
1102       1167      
1102       1511      
1103       719       
1103       1901      
1104       227       
1104       1756      
1105       400       
1105       655       
1106       328       
1106       780       
1106       1380      
1106       1747      
1106       1879      
1107       85        
1107       595       
1108       79        
1108       777       
1108       799       
1108       803       
1108       1070      
1108       1509      
1109       89        
1109       728       
1109       901       
1109       1166      
1109       1416      
1109       1607      
1109       1815      
1110       722       
1111       615       
1111       774       
1111       780       
1111       1183      
1111       1280      
1112       370       
1112       381       
1112       1754      
1113       816       
1113       1226      
1113       1704      
1114       517       
1114       647       
1115       1986      
1116       388       
1116       580       
1116       656       
1116       736       
1116       785       
1116       935       
1116       1478      
1116       1692      
1116       1814      
1116       1827      
1116       1882      
1116       1883      
1117       609       
1117       845       
1117       1502      
1117       1603      
1118       155       
1118       338       
1118       989       
1118       1596      
1118       1678      
1118       1933      
1119       600       
1119       896       
1119       1629      
1119       1638      
1122       11        
1122       145       
1122       1113      
1122       1353      
1123       97        
1123       1781      
1124       13        
1124       245       
1124       298       
1124       646       
1124       785       
1124       939       
1124       992       
1124       1246      
1124       1670      
1124       1888      
1124       1957      
1125       825       
1125       865       
1125       1118      
1125       1537      
1126       769       
1126       1867      
1127       208       
1127       291       
1127       637       
1127       820       
1127       1907      
1128       355       
1128       784       
1128       1629      
1129       309       
1129       1067      
1129       1625      
1129       1826      
1129       1857      
1129       1859      
1129       1986      
1132       101       
1132       329       
1132       337       
1132       1008      
1132       1064      
1132       1222      
1132       1337      
1132       1549      
1133       364       
1133       939       
1133       1140      
1133       1278      
1133       1345      
1133       1569      
1134       154       
1134       1385      
1134       1763      
1135       149       
1135       616       
1136       170       
1136       791       
1136       948       
1136       1268      
1136       1530      
1137       1712      
1138       1348      
1140       439       
1140       455       
1140       628       
1140       695       
1140       902       
1140       953       
1140       1014      
1141       542       
1141       714       
1141       863       
1141       1108      
1141       1238      
1141       1864      
1141       1912      
1142       248       
1142       418       
1142       431       
1142       1609      
1144       105       
1144       395       
1144       643       
1144       1571      
1145       90        
1145       840       
1145       943       
1145       955       
1146       562       
1146       1697      
1147       1267      
1147       1498      
1147       1616      
1148       184       
1148       286       
1148       663       
1148       807       
1148       1214      
1148       1398      
1148       1724      
1148       1756      
1148       1843      
1148       2040      
1149       203       
1149       355       
1149       725       
1149       838       
1149       1675      
1149       1683      
1149       1735      
1150       1944      
1151       1911      
1152       576       
1152       898       
1152       1349      
1152       1540      
1152       1634      
1152       1734      
1152       1761      
1154       778       
1155       76        
1156       1183      
1156       1252      
1156       1448      
1157       314       
1157       939       
1157       1664      
1160       2         
1160       791       
1160       1126      
1160       1609      
1161       831       
1161       1465      
1161       1505      
1161       1896      
1162       461       
1162       1174      
1163       1819      
1164       265       
1164       589       
1164       644       
1164       741       
1164       1000      
1164       1169      
1164       1560      
1164       1616      
1165       129       
1165       396       
1165       708       
1165       1418      
1165       1618      
1166       900       
1166       904       
1167       728       
1167       938       
1167       1000      
1167       1417      
1167       1924      
1168       185       
1168       546       
1168       980       
1168       1395      
1168       1666      
1168       1743      
1168       1880      
1169       1466      
1169       1741      
1169       1805      
1170       1298      
1171       866       
1172       1153      
1172       1870      
1173       197       
1173       753       
1173       1670      
1174       469       
1174       974       
1174       1570      
1175       657       
1175       887       
1175       1361      
1175       1822      
1175       2043      
1176       35        
1176       62        
1176       315       
1176       810       
1176       1223      
1176       1624      
1177       1473      
1178       154       
1178       205       
1178       528       
1178       1603      
1178       1609      
1179       1562      
1180       24        
1180       402       
1181       977       
1181       1792      
1182       90        
1182       171       
1182       1121      
1182       1652      
1183       884       
1183       1592      
1184       185       
1184       746       
1184       818       
1185       1399      
1186       940       
1186       1699      
1186       1920      
1188       519       
1188       603       
1188       989       
1188       1443      
1188       1787      
1189       555       
1191       1043      
1191       1058      
1192       148       
1192       908       
1193       3         
1193       1019      
1193       1568      
1194       908       
1194       1192      
1195       400       
1195       707       
1195       1946      
1196       205       
1196       443       
1196       845       
1196       872       
1196       1255      
1196       1445      
1196       1550      
1196       2022      
1197       1071      
1197       1842      
1198       545       
1198       1341      
1198       1654      
1199       716       
1199       1379      
1200       394       
1200       427       
1200       692       
1200       1576      
1200       1578      
1200       1586      
1200       1630      
1201       504       
1201       1024      
1201       1378      
1201       1962      
1202       558       
1203       758       
1204       740       
1204       815       
1204       1302      
1204       1927      
1205       781       
1205       1657      
1206       1765      
1207       577       
1207       1732      
1208       3         
1208       2008      
1208       2018      
1209       787       
1209       1261      
1209       1547      
1209       1619      
1209       1772      
1210       728       
1210       1007      
1211       325       
1211       1482      
1211       1907      
1212       377       
1212       420       
1212       988       
1212       1512      
1212       1674      
1212       1724      
1212       1738      
1212       1783      
1212       2020      
1213       623       
1213       680       
1214       327       
1214       424       
1214       831       
1214       1339      
1214       1699      
1214       1708      
1214       1714      
1215       515       
1215       797       
1216       1174      
1216       1698      
1216       1739      
1216       1871      
1216       1881      
1218       733       
1219       1925      
1220       462       
1221       1251      
1222       806       
1222       829       
1222       1874      
1223       1840      
1224       440       
1224       460       
1224       650       
1224       732       
1224       840       
1224       883       
1224       1515      
1225       192       
1225       1262      
1225       1400      
1225       1562      
1225       1800      
1226       192       
1226       206       
1226       494       
1226       755       
1226       779       
1226       1488      
1227       920       
1227       1765      
1228       402       
1228       662       
1228       714       
1228       1082      
1228       1458      
1228       1582      
1230       486       
1230       877       
1230       1758      
1231       552       
1231       667       
1232       88        
1232       738       
1233       520       
1233       1376      
1233       1867      
1234       46        
1234       1922      
1235       599       
1235       1479      
1236       20        
1236       219       
1236       385       
1236       465       
1236       659       
1236       1826      
1237       581       
1237       912       
1238       424       
1238       1671      
1238       1845      
1239       579       
1240       170       
1240       179       
1240       459       
1240       727       
1240       1566      
1240       1752      
1241       1219      
1241       1355      
1241       1543      
1241       1729      
1242       1113      
1244       528       
1244       538       
1244       689       
1244       803       
1244       929       
1244       965       
1244       1160      
1244       1614      
1244       1762      
1244       1774      
1245       1110      
1245       1615      
1246       192       
1246       598       
1246       869       
1246       1742      
1247       713       
1247       851       
1247       927       
1248       830       
1248       1232      
1248       1265      
1251       1680      
1252       370       
1252       549       
1252       610       
1252       694       
1252       1025      
1252       1776      
1252       1821      
1252       1928      
1253       388       
1253       1606      
1253       1653      
1254       1220      
1254       1536      
1255       1248      
1255       1283      
1255       1608      
1256       460       
1256       871       
1256       1004      
1256       1322      
1256       1749      
1257       17        
1257       393       
1257       620       
1257       1136      
1257       1569      
1258       353       
1258       1088      
1258       1784      
1259       1396      
1259       1611      
1260       78        
1260       114       
1260       350       
1260       378       
1260       578       
1260       650       
1260       820       
1260       942       
1260       968       
1260       971       
1260       989       
1260       1629      
1261       101       
1261       987       
1261       1049      
1261       1130      
1261       1674      
1262       122       
1262       549       
1262       727       
1262       1124      
1262       1227      
1263       1620      
1264       105       
1264       519       
1264       715       
1264       897       
1264       997       
1264       1230      
1264       1568      
1265       353       
1266       142       
1266       291       
1266       651       
1266       905       
1266       1994      
1267       462       
1267       880       
1268       183       
1268       483       
1268       991       
1268       1132      
1268       1271      
1268       1313      
1268       1657      
1269       1346      
1269       1529      
1269       1539      
1269       2034      
1270       698       
1270       1346      
1270       2029      
1271       154       
1271       1064      
1271       1514      
1271       1565      
1271       1725      
1272       735       
1272       813       
1272       835       
1272       1097      
1272       1533      
1272       1779      
1273       819       
1273       1020      
1274       16        
1274       1608      
1274       2004      
1275       1025      
1276       558       
1276       632       
1276       726       
1276       989       
1276       1000      
1276       1013      
1276       1153      
1276       1221      
1276       1517      
1276       1549      
1276       1576      
1276       1868      
1276       2036      
1277       135       
1277       243       
1277       1160      
1277       1225      
1277       1647      
1277       1730      
1278       539       
1278       715       
1278       899       
1278       1291      
1278       1658      
1279       558       
1279       757       
1279       938       
1279       1319      
1279       1482      
1279       1845      
1279       1880      
1280       322       
1281       17        
1281       1946      
1282       866       
1283       659       
1285       1313      
1285       1749      
1285       1876      
1286       149       
1286       698       
1286       1666      
1287       1998      
1288       603       
1288       642       
1290       68        
1290       1024      
1290       1663      
1290       1771      
1292       96        
1292       290       
1292       451       
1292       544       
1292       549       
1293       230       
1293       346       
1295       869       
1295       1720      
1296       68        
1297       1557      
1299       1811      
1300       44        
1300       111       
1300       736       
1300       1595      
1300       1730      
1301       2000      
1302       520       
1302       539       
1302       807       
1303       256       
1304       265       
1304       682       
1304       789       
1305       1753      
1305       1995      
1306       88        
1307       1827      
1308       41        
1308       67        
1308       216       
1308       1620      
1308       2013      
1309       761       
1309       1538      
1311       412       
1311       1611      
1313       1251      
1313       1405      
1314       1419      
1316       388       
1316       549       
1316       1772      
1316       1891      
1317       720       
1317       1199      
1318       869       
1319       122       
1319       1783      
1319       1880      
1321       882       
1321       932       
1321       1166      
1321       1177      
1321       1475      
1322       171       
1323       168       
1323       528       
1323       846       
1323       1084      
1324       0         
1324       21        
1324       99        
1324       114       
1324       756       
1324       1614      
1325       241       
1325       520       
1325       522       
1325       771       
1326       39        
1326       395       
1327       43        
1328       1019      
1328       1074      
1329       1570      
1329       1726      
1330       672       
1330       1895      
1332       564       
1332       1168      
1332       1838      
1332       1842      
1332       2038      
1333       1768      
1333       1912      
1334       58        
1334       1178      
1334       1637      
1334       1890      
1335       686       
1335       695       
1335       1035      
1335       1708      
1336       179       
1336       353       
1336       1230      
1336       1419      
1336       1817      
1339       716       
1339       921       
1340       848       
1340       1009      
1340       1063      
1340       1592      
1340       1713      
1340       1772      
1341       741       
1341       824       
1341       1658      
1342       891       
1343       225       
1343       1134      
1343       1177      
1343       1339      
1343       1690      
1344       1176      
1345       534       
1345       965       
1345       1770      
1346       527       
1347       530       
1347       1376      
1348       993       
1348       1061      
1348       1143      
1349       324       
1349       910       
1349       1092      
1349       1362      
1349       1635      
1350       637       
1350       1107      
1350       1631      
1351       629       
1351       975       
1352       635       
1352       968       
1352       1571      
1352       1731      
1352       1872      
1353       1187      
1353       1739      
1354       857       
1354       1496      
1354       1613      
1355       25        
1356       484       
1356       603       
1356       643       
1357       1576      
1357       1983      
1358       67        
1358       726       
1358       754       
1358       1885      
1359       1033      
1360       548       
1360       721       
1363       1564      
1364       610       
1364       878       
1364       1433      
1365       583       
1365       1736      
1365       1743      
1366       8         
1366       616       
1366       1546      
1366       1880      
1368       121       
1368       142       
1368       536       
1368       1374      
1369       847       
1370       487       
1371       414       
1371       1372      
1372       112       
1372       180       
1372       212       
1372       853       
1372       854       
1372       1267      
1372       1933      
1373       71        
1373       302       
1373       1803      
1374       25        
1374       80        
1374       173       
1374       227       
1374       1152      
1375       38        
1376       544       
1376       547       
1376       1060      
1377       246       
1377       348       
1377       529       
1377       938       
1377       1583      
1377       1978      
1379       592       
1380       1560      
1380       1954      
1381       175       
1381       535       
1381       677       
1381       1277      
1381       1399      
1381       1765      
1381       1898      
1382       728       
1382       2021      
1384       595       
1384       600       
1384       866       
1384       1068      
1384       1139      
1384       1232      
1384       1390      
1384       1669      
1384       1707      
1385       392       
1385       1039      
1386       850       
1386       1013      
1386       1131      
1386       1595      
1387       747       
1388       442       
1388       531       
1388       1599      
1388       1631      
1388       1802      
1389       51        
1389       122       
1389       333       
1389       553       
1389       986       
1390       241       
1390       1698      
1390       1772      
1392       48        
1392       635       
1392       1288      
1392       1390      
1392       1994      
1393       1756      
1394       378       
1394       486       
1394       766       
1394       1699      
1395       1035      
1395       1131      
1396       604       
1396       1221      
1396       1599      
1396       1657      
1397       27        
1397       310       
1397       674       
1397       1651      
1398       719       
1398       1269      
1398       1380      
1398       1427      
1399       1339      
1399       1749      
1399       1773      
1400       658       
1400       691       
1400       796       
1400       1460      
1401       368       
1401       2019      
1402       599       
1402       737       
1402       760       
1402       978       
1402       1634      
1402       1888      
1404       133       
1404       937       
1404       958       
1404       1496      
1404       1621      
1405       4         
1405       626       
1405       929       
1405       1665      
1405       1779      
1406       57        
1406       294       
1406       395       
1406       737       
1406       1837      
1406       1996      
1407       671       
1409       669       
1409       1353      
1412       550       
1412       869       
1412       1912      
1412       1942      
1413       242       
1413       589       
1413       1286      
1414       1692      
1414       1879      
1416       846       
1416       930       
1416       1633      
1417       1664      
1417       1701      
1417       1961      
1418       648       
1418       1492      
1420       915       
1420       1385      
1421       1729      
1422       864       
1422       1373      
1423       246       
1423       1947      
1424       1065      
1424       2026      
1425       317       
1426       223       
1426       1986      
1426       1994      
1427       1043      
1427       1578      
1428       715       
1430       936       
1430       1803      
1432       194       
1432       523       
1433       1848      
1434       198       
1434       200       
1434       554       
1434       1160      
1434       1686      
1435       539       
1435       729       
1436       722       
1436       897       
1436       1218      
1436       1690      
1437       600       
1437       734       
1437       1115      
1437       1240      
1438       83        
1439       723       
1439       1656      
1440       1655      
1441       323       
1441       1094      
1441       1602      
1441       1629      
1442       626       
1444       468       
1444       736       
1444       890       
1444       1056      
1444       1899      
1445       49        
1445       687       
1445       1746      
1445       2037      
1446       682       
1446       756       
1446       1479      
1446       1629      
1447       11        
1447       1277      
1448       709       
1448       1118      
1449       1167      
1450       1901      
1451       33        
1452       409       
1452       486       
1452       874       
1452       1783      
1453       114       
1453       141       
1454       181       
1454       1210      
1454       1394      
1454       1642      
1455       1673      
1455       1962      
1456       178       
1456       698       
1456       806       
1456       1258      
1456       2029      
1457       842       
1457       1230      
1457       1704      
1458       987       
1458       1026      
1458       1508      
1460       154       
1460       1615      
1460       1702      
1460       1825      
1460       1999      
1461       1062      
1462       72        
1462       502       
1462       954       
1462       1010      
1462       1276      
1463       610       
1463       1068      
1463       1404      
1464       1798      
1464       2028      
1465       192       
1466       655       
1466       1072      
1468       803       
1468       867       
1468       1142      
1469       1185      
1469       1225      
1469       1571      
1470       566       
1470       1764      
1470       1799      
1472       1956      
1473       674       
1474       1227      
1475       1931      
1476       1061      
1476       1250      
1476       1988      
1478       580       
1478       791       
1479       1668      
1480       1         
1480       1261      
1480       1413      
1480       1600      
1480       1988      
1481       771       
1481       1634      
1482       8         
1482       707       
1482       1793      
1483       1792      
1484       202       
1484       777       
1484       812       
1484       2023      
1485       70        
1485       256       
1485       706       
1485       1912      
1486       857       
1486       953       
1486       1261      
1486       1497      
1486       1626      
1486       1756      
1486       1983      
1487       713       
1488       144       
1488       448       
1488       600       
1488       601       
1488       1701      
1488       2027      
1489       1568      
1489       1728      
1490       66        
1490       704       
1492       698       
1492       1196      
1492       1678      
1493       536       
1493       1621      
1494       578       
1495       494       
1496       19        
1496       1090      
1496       1176      
1498       537       
1498       538       
1498       609       
1498       746       
1498       1754      
1499       1556      
1500       592       
1500       691       
1500       844       
1501       89        
1501       1656      
1501       1947      
1501       1997      
1502       407       
1502       556       
1502       840       
1502       1620      
1503       859       
1504       326       
1504       544       
1504       1148      
1504       1534      
1504       1825      
1505       76        
1508       630       
1508       845       
1508       852       
1508       1004      
1508       1018      
1508       1134      
1508       1595      
1508       1764      
1508       2044      
1509       449       
1509       1183      
1509       1267      
1509       1539      
1509       1801      
1510       1007      
1510       1687      
1511       825       
1511       1695      
1512       230       
1512       741       
1512       1274      
1513       973       
1513       1242      
1514       801       
1514       1002      
1515       589       
1515       1666      
1515       1931      
1516       589       
1516       742       
1516       752       
1516       1421      
1516       1545      
1516       1564      
1516       1991      
1516       2033      
1517       107       
1517       562       
1517       1762      
1518       531       
1518       764       
1518       1164      
1518       1581      
1518       1706      
1518       1746      
1519       673       
1519       1198      
1519       1354      
1520       58        
1520       626       
1520       868       
1520       899       
1521       495       
1521       617       
1521       1706      
1522       120       
1522       1587      
1523       720       
1523       2017      
1523       2027      
1524       593       
1524       726       
1524       885       
1524       1038      
1524       1279      
1524       2003      
1525       97        
1525       275       
1525       382       
1525       639       
1525       1890      
1526       258       
1526       549       
1526       1173      
1526       1449      
1527       114       
1527       1202      
1528       7         
1528       223       
1528       718       
1528       1136      
1528       1320      
1529       70        
1529       1001      
1530       1074      
1530       1760      
1531       1358      
1531       1647      
1532       67        
1532       104       
1532       600       
1532       679       
1532       945       
1532       1123      
1532       1357      
1532       1416      
1532       1609      
1532       1625      
1532       1834      
1532       1967      
1532       1995      
1533       22        
1533       217       
1533       833       
1533       1523      
1533       1636      
1533       1771      
1534       222       
1534       316       
1534       954       
1534       1843      
1535       51        
1535       176       
1535       1743      
1536       64        
1536       526       
1538       207       
1538       257       
1540       596       
1541       375       
1541       1937      
1542       214       
1542       1433      
1543       385       
1543       916       
1545       458       
1545       509       
1545       1159      
1548       195       
1548       239       
1548       646       
1548       1079      
1548       1302      
1548       1500      
1548       1819      
1550       183       
1551       40        
1552       284       
1552       611       
1553       137       
1553       776       
1554       737       
1555       321       
1556       546       
1557       940       
1558       296       
1558       1795      
1558       1866      
1559       602       
1560       616       
1560       952       
1561       640       
1562       650       
1562       1951      
1563       152       
1563       1808      
1564       202       
1564       420       
1564       1369      
1564       1921      
1564       1924      
1565       542       
1566       924       
1568       1459      
1569       1022      
1569       1645      
1570       432       
1572       1566      
1572       1846      
1573       318       
1573       1829      
1573       1916      
1574       269       
1574       520       
1575       323       
1576       252       
1576       353       
1576       874       
1576       1443      
1576       1866      
1577       653       
1577       1770      
1578       394       
1578       1000      
1578       1897      
1579       1643      
1579       1889      
1580       640       
1580       689       
1581       211       
1581       2012      
1582       1103      
1582       1636      
1582       1679      
1583       742       
1583       1292      
1583       1578      
1583       1645      
1584       652       
1584       1088      
1584       1603      
1585       387       
1585       1137      
1585       1961      
1586       2037      
1587       610       
1587       1719      
1588       882       
1588       1278      
1588       1739      
1588       1825      
1589       492       
1589       1712      
1589       1911      
1590       298       
1591       545       
1591       1731      
1592       263       
1592       538       
1592       1790      
1593       1626      
1595       831       
1595       1834      
1596       129       
1596       289       
1596       506       
1596       796       
1596       1976      
1597       211       
1597       383       
1597       588       
1597       1358      
1598       891       
1598       1860      
1600       610       
1600       851       
1600       922       
1600       1546      
1601       1833      
1604       580       
1604       1300      
1604       1396      
1604       1536      
1604       1618      
1605       1565      
1605       1606      
1605       1637      
1606       128       
1606       1103      
1607       279       
1607       1858      
1609       405       
1609       625       
1609       1414      
1610       705       
1610       727       
1610       1707      
1611       1639      
1612       800       
1612       918       
1612       1241      
1612       1313      
1612       1346      
1612       1502      
1612       1908      
1613       808       
1613       1036      
1613       1911      
1614       53        
1614       586       
1615       1149      
1616       597       
1616       681       
1616       726       
1616       1250      
1616       1824      
1616       1915      
1616       1929      
1617       353       
1618       1891      
1618       2001      
1619       690       
1619       2033      
1620       1315      
1620       1372      
1620       1427      
1620       1473      
1621       85        
1621       798       
1622       688       
1622       788       
1622       866       
1622       1223      
1622       1730      
1622       1929      
1623       906       
1623       2040      
1624       1393      
1624       1992      
1625       58        
1627       1714      
1628       104       
1628       593       
1628       730       
1628       866       
1628       884       
1628       987       
1628       1498      
1629       281       
1629       312       
1629       1094      
1629       1147      
1629       1999      
1630       302       
1630       1865      
1632       268       
1632       581       
1632       1707      
1632       1825      
1634       99        
1634       1346      
1634       1639      
1635       874       
1635       1732      
1636       91        
1636       99        
1636       232       
1636       837       
1637       929       
1637       1685      
1637       2039      
1638       839       
1638       1453      
1638       1867      
1638       1884      
1638       1941      
1640       265       
1640       496       
1640       1110      
1640       1864      
1640       1984      
1641       370       
1641       749       
1642       330       
1642       1732      
1642       1994      
1643       1597      
1644       230       
1644       532       
1644       845       
1644       1106      
1644       1490      
1644       1966      
1644       1968      
1645       1832      
1646       81        
1648       544       
1649       290       
1649       1520      
1650       1270      
1652       1053      
1652       1481      
1652       1624      
1652       1769      
1652       1826      
1652       1892      
1654       272       
1654       368       
1654       1945      
1656       1018      
1656       1346      
1656       1386      
1656       1523      
1656       1697      
1656       1780      
1657       68        
1657       626       
1657       674       
1657       1771      
1658       2017      
1659       33        
1660       779       
1661       505       
1661       687       
1661       944       
1661       1272      
1661       1768      
1662       111       
1663       790       
1663       921       
1663       1391      
1664       306       
1664       323       
1664       715       
1664       978       
1664       1101      
1665       67        
1665       1111      
1666       1145      
1666       1552      
1666       1832      
1668       581       
1668       1126      
1670       842       
1671       1896      
1671       1933      
1672       195       
1672       424       
1672       587       
1673       1201      
1673       1747      
1674       120       
1674       662       
1676       224       
1676       604       
1676       1166      
1676       1304      
1676       1305      
1676       1694      
1676       1736      
1676       1879      
1676       1903      
1676       2015      
1677       93        
1677       986       
1677       1226      
1678       1280      
1679       1241      
1680       976       
1680       993       
1680       1877      
1680       1899      
1684       723       
1684       1218      
1688       943       
1688       1744      
1688       1841      
1688       1898      
1689       536       
1689       1229      
1689       1776      
1689       1800      
1689       1952      
1689       2041      
1692       9         
1692       594       
1692       953       
1692       1531      
1692       1548      
1692       1755      
1692       1772      
1693       347       
1693       589       
1693       1934      
1694       133       
1694       875       
1696       642       
1696       1418      
1696       1530      
1697       1537      
1698       1824      
1700       321       
1700       691       
1700       843       
1700       1312      
1701       418       
1701       1605      
1702       537       
1702       1004      
1703       164       
1703       241       
1703       652       
1703       1603      
1704       1961      
1704       2026      
1706       1836      
1707       488       
1707       573       
1707       1478      
1707       1520      
1708       271       
1708       419       
1708       997       
1708       1251      
1708       1674      
1708       1934      
1708       1944      
1709       992       
1709       1264      
1709       1386      
1710       1533      
1710       1924      
1711       372       
1712       788       
1712       932       
1713       897       
1713       1988      
1714       1554      
1715       779       
1716       390       
1716       1041      
1716       1826      
1716       1923      
1717       119       
1717       401       
1717       750       
1717       944       
1717       986       
1717       1085      
1717       1243      
1717       1335      
1717       1681      
1718       296       
1719       592       
1720       102       
1720       134       
1720       148       
1720       363       
1720       411       
1720       626       
1720       802       
1720       1688      
1720       1782      
1720       1927      
1721       421       
1721       976       
1721       1153      
1722       965       
1722       1208      
1723       1057      
1723       1800      
1724       207       
1724       266       
1724       420       
1724       900       
1724       983       
1724       1442      
1724       1579      
1724       1832      
1724       1866      
1724       1878      
1725       1013      
1725       1038      
1725       1808      
1725       1925      
1726       475       
1726       701       
1726       871       
1726       1913      
1727       73        
1727       486       
1728       664       
1728       668       
1729       650       
1729       1770      
1731       933       
1732       470       
1732       678       
1732       845       
1732       1954      
1733       1706      
1734       740       
1734       1105      
1734       1382      
1734       1972      
1735       941       
1735       1664      
1735       1985      
1736       625       
1736       972       
1736       1256      
1737       1356      
1737       1920      
1738       709       
1738       1882      
1738       1995      
1739       876       
1739       1420      
1740       365       
1740       384       
1740       582       
1740       799       
1740       999       
1740       1966      
1741       640       
1741       718       
1741       746       
1741       1108      
1741       1999      
1742       1033      
1744       59        
1744       248       
1744       716       
1744       1641      
1745       1050      
1745       1305      
1745       1639      
1746       1280      
1746       1766      
1746       1882      
1747       1421      
1748       1         
1748       633       
1748       812       
1748       1733      
1748       1955      
1749       306       
1749       576       
1749       742       
1749       909       
1751       643       
1751       792       
1752       523       
1752       775       
1752       860       
1752       986       
1752       1218      
1752       1271      
1753       322       
1753       1002      
1753       1099      
1754       674       
1754       812       
1754       1232      
1755       1744      
1755       2028      
1756       1771      
1757       285       
1757       555       
1757       832       
1757       918       
1757       1330      
1757       1498      
1758       125       
1758       639       
1758       974       
1758       1108      
1758       1359      
1758       1382      
1758       1396      
1759       1985      
1761       699       
1761       1363      
1761       1426      
1762       1713      
1764       285       
1764       1249      
1764       1680      
1764       1787      
1765       868       
1765       1004      
1765       1736      
1765       2003      
1766       264       
1766       753       
1766       894       
1766       1013      
1766       1015      
1766       1737      
1767       248       
1767       736       
1768       41        
1768       443       
1768       509       
1768       559       
1768       1472      
1768       1591      
1768       1678      
1768       1947      
1769       1273      
1769       1600      
1770       881       
1770       1835      
1771       1738      
1772       488       
1772       683       
1772       833       
1772       925       
1772       1762      
1772       1847      
1773       329       
1773       362       
1773       519       
1773       1754      
1773       1903      
1774       56        
1774       234       
1774       742       
1774       1640      
1775       732       
1775       1091      
1776       3         
1776       230       
1776       981       
1776       1383      
1776       1591      
1777       1123      
1777       1217      
1777       1341      
1778       1133      
1778       1188      
1779       713       
1779       1491      
1780       864       
1781       1607      
1781       1778      
1781       1987      
1782       270       
1782       616       
1782       1888      
1782       1912      
1784       160       
1784       510       
1784       639       
1784       857       
1784       1218      
1785       1669      
1785       1794      
1788       63        
1788       1600      
1788       1740      
1788       1891      
1789       481       
1789       524       
1789       557       
1789       757       
1789       1733      
1789       2033      
1790       1841      
1791       391       
1791       747       
1791       1233      
1792       841       
1794       790       
1794       1879      
1795       170       
1795       1988      
1796       263       
1797       642       
1797       687       
1798       1734      
1798       2016      
1800       1538      
1800       1680      
1800       2042      
1801       799       
1801       899       
1801       1847      
1802       578       
1802       1318      
1804       11        
1804       248       
1804       536       
1804       591       
1804       714       
1804       1043      
1804       1295      
1804       1738      
1806       28        
1807       1472      
1808       11        
1808       202       
1810       1147      
1812       7         
1812       383       
1812       810       
1812       840       
1812       844       
1813       265       
1813       556       
1813       609       
1815       336       
1816       212       
1816       576       
1816       1771      
1817       1821      
1818       633       
1819       2011      
1820       784       
1821       515       
1822       1240      
1822       1731      
1822       1784      
1822       1865      
1822       1986      
1824       659       
1824       1678      
1825       882       
1825       891       
1827       672       
1827       1582      
1828       375       
1828       602       
1828       1189      
1828       1229      
1828       1543      
1829       35        
1829       167       
1829       214       
1829       1554      
1830       134       
1830       1014      
1830       1341      
1831       1668      
1832       748       
1832       1706      
1832       1739      
1832       1901      
1833       344       
1833       1353      
1835       842       
1835       1691      
1835       1739      
1836       1589      
1836       1778      
1836       1934      
1837       552       
1837       1306      
1837       1549      
1837       1701      
1838       36        
1839       2020      
1840       566       
1841       1572      
1842       407       
1843       889       
1843       1036      
1843       1420      
1843       1894      
1844       190       
1844       761       
1844       1220      
1844       2032      
1845       1106      
1845       1573      
1846       85        
1847       1252      
1848       625       
1850       485       
1850       640       
1852       1078      
1852       1144      
1852       1380      
1852       1515      
1852       1632      
1853       111       
1853       815       
1853       1231      
1853       1484      
1855       425       
1855       871       
1856       178       
1856       486       
1856       1198      
1856       1726      
1858       1758      
1859       11        
1860       707       
1860       1667      
1862       87        
1862       2005      
1864       268       
1864       518       
1864       520       
1864       1093      
1865       1058      
1866       35        
1866       778       
1866       2031      
1868       490       
1868       1228      
1869       884       
1870       160       
1871       321       
1872       221       
1872       588       
1872       1414      
1873       1568      
1873       1771      
1874       1616      
1874       2047      
1876       261       
1876       326       
1876       844       
1877       1160      
1878       1646      
1878       1674      
1879       642       
1880       499       
1880       528       
1880       1242      
1881       322       
1881       1744      
1882       585       
1884       8         
1884       514       
1884       557       
1884       991       
1884       1089      
1884       1483      
1884       1934      
1886       493       
1886       1157      
1887       73        
1887       1023      
1888       846       
1888       912       
1890       868       
1890       1380      
1892       205       
1892       1825      
1894       1437      
1895       546       
1895       627       
1896       139       
1896       353       
1896       768       
1896       1874      
1897       1848      
1899       562       
1900       574       
1900       1707      
1900       1788      
1901       187       
1901       608       
1901       747       
1901       1352      
1901       1897      
1902       198       
1904       656       
1904       814       
1904       1264      
1904       1708      
1904       1728      
1905       219       
1905       1398      
1905       1787      
1905       1986      
1908       0         
1908       68        
1908       208       
1908       585       
1908       618       
1908       1478      
1908       1706      
1909       641       
1910       1114      
1910       1710      
1911       1620      
1912       266       
1912       276       
1912       283       
1912       1217      
1912       1544      
1912       1969      
1913       18        
1913       344       
1913       531       
1913       1826      
1914       198       
1915       806       
1916       346       
1916       731       
1916       1106      
1916       1768      
1917       49        
1917       762       
1917       1017      
1917       1061      
1917       1119      
1917       1592      
1917       1610      
1917       1843      
1917       1946      
1918       1799      
1920       1042      
1920       1644      
1921       192       
1921       1536      
1922       1190      
1923       1572      
1924       558       
1924       1945      
1925       413       
1928       1215      
1928       1719      
1929       851       
1929       1682      
1931       678       
1932       632       
1932       1730      
1933       145       
1933       198       
1934       513       
1934       712       
1935       1547      
1936       386       
1938       219       
1939       1858      
1940       10        
1940       70        
1941       331       
1941       1709      
1942       1175      
1944       82        
1944       209       
1947       810       
1947       971       
1947       996       
1948       68        
1948       1907      
1948       1922      
1948       1989      
1949       587       
1950       1090      
1950       1928      
1950       2030      
1951       1667      
1952       177       
1952       388       
1952       579       
1952       1031      
1952       1152      
1953       388       
1954       1185      
1956       492       
1956       950       
1956       1184      
1956       1672      
1956       1826      
1956       1832      
1957       738       
1957       1476      
1958       1615      
1958       1639      
1959       230       
1960       53        
1960       666       
1960       812       
1960       1057      
1961       1056      
1962       935       
1962       1060      
1964       376       
1964       527       
1964       715       
1964       831       
1964       986       
1964       1115      
1964       1655      
1964       1894      
1965       866       
1965       998       
1965       1222      
1965       1457      
1966       595       
1966       1498      
1967       1541      
1967       1608      
1968       702       
1969       163       
1969       545       
1970       826       
1970       1587      
1972       214       
1972       371       
1972       894       
1972       1043      
1973       702       
1973       1476      
1974       595       
1974       611       
1974       1912      
1975       527       
1976       512       
1976       663       
1976       1568      
1976       1784      
1977       359       
1977       1441      
1978       1970      
1980       418       
1980       525       
1980       847       
1980       1036      
1980       1080      
1980       1675      
1980       1685      
1980       1688      
1980       1902      
1980       1965      
1980       1998      
1981       246       
1981       317       
1981       629       
1981       631       
1981       663       
1981       683       
1981       801       
1981       1738      
1981       1769      
1982       648       
1982       650       
1982       719       
1982       902       
1982       1147      
1982       1321      
1984       1217      
1984       1303      
1984       2017      
1988       719       
1988       1112      
1988       1243      
1988       1737      
1988       1766      
1989       578       
1989       1924      
1990       956       
1990       1162      
1990       1930      
1991       5         
1991       1655      
1992       961       
1992       1744      
1993       1101      
1993       1384      
1994       1095      
1994       1645      
1995       144       
1996       585       
1996       631       
1996       1639      
1996       1935      
1996       1952      
1997       1314      
1997       1954      
1998       540       
1998       1903      
2000       627       
2000       756       
2000       1035      
2001       217       
2001       1139      
2001       1258      
2001       1958      
2002       212       
2002       1634      
2002       2001      
2003       1737      
2003       1753      
2004       246       
2004       780       
2004       2014      
2005       537       
2005       1101      
2005       1666      
2005       1988      
2006       985       
2006       1682      
2006       1996      
2008       1019      
2012       146       
2012       714       
2012       2010      
2013       718       
2013       1400      
2013       1480      
2014       72        
2014       90        
2014       1004      
2014       1544      
2014       1738      
2015       1722      
2016       485       
2016       547       
2016       624       
2016       1088      
2016       1662      
2017       615       
2017       1003      
2018       1070      
2018       1150      
2020       669       
2020       738       
2020       895       
2020       1851      
2021       637       
2021       1798      
2022       1141      
2022       1265      
2023       223       
2023       914       
2023       1649      
2024       48        
2024       547       
2024       590       
2024       697       
2024       727       
2024       1151      
2024       1492      
2025       740       
2025       1250      
2025       1274      
2025       1393      
2025       2027      
2027       440       
2028       654       
2028       840       
2028       872       
2028       1771      
2028       1877      
2029       170       
2029       1064      
2029       1199      
2029       1279      
2029       1448      
2029       1540      
2030       137       
2030       615       
2030       888       
2030       1231      
2030       1253      
2030       1259      
2031       96        
2031       214       
2032       890       
2032       915       
2032       1640      
2034       410       
2034       969       
2034       1497      
2034       1523      
2035       1149      
2036       209       
2036       1574      
2036       1696      
2036       1841      
2037       734       
2037       904       
2037       1104      
2037       1128      
2037       1585      
2038       237       
2038       1484      
2038       1540      
2040       624       
2040       1122      
2040       1523      
2041       136       
2041       972       
2041       1822      
2042       39        
2042       177       
2042       746       
2042       1151      
2042       1700      
2043       1775      
2043       1894      
2044       427       
2044       713       
2044       746       
2044       782       
2044       1551      
2044       1577      
2044       1656      
2045       1483      
2046       683       
2046       1022      
2046       1647      
2046       1660      
2046       1772      
2047       178       
2047       2044      
