0          867       
1          1946      
1          2010      
2          462       
3          392       
3          1600      
3          1911      
3          1931      
3          1990      
4          1514      
5          191       
5          941       
5          1711      
5          1756      
6          395       
7          669       
8          656       
8          703       
8          1983      
9          298       
9          1170      
9          1865      
11         1345      
12         172       
12         587       
12         755       
12         1492      
13         1860      
14         200       
14         1812      
17         1419      
17         1448      
18         2037      
19         849       
20         884       
21         267       
22         667       
22         1780      
23         679       
23         1553      
23         1757      
24         453       
27         1319      
28         2004      
30         1837      
32         91        
32         342       
32         1963      
33         814       
33         971       
34         1090      
34         1469      
35         865       
35         1938      
37         1409      
38         1422      
38         1821      
39         653       
39         1775      
41         157       
41         431       
41         1157      
42         1072      
42         1884      
43         927       
43         1009      
43         1178      
43         1560      
44         491       
44         1942      
45         1436      
46         149       
46         1709      
47         973       
47         1969      
48         428       
48         459       
50         1097      
50         1277      
51         1434      
55         341       
56         559       
56         1373      
57         2001      
58         791       
58         792       
59         883       
59         1488      
59         1917      
60         847       
60         1734      
62         684       
62         1950      
63         792       
64         1618      
66         1425      
66         1886      
67         204       
67         238       
67         655       
67         1353      
67         1861      
69         1999      
70         511       
70         1197      
70         1533      
71         299       
71         471       
71         1711      
72         141       
72         363       
72         1179      
72         1622      
73         627       
73         2015      
74         43        
74         634       
75         1249      
75         1625      
75         1724      
75         1839      
76         1766      
77         1190      
77         1292      
77         2004      
78         466       
78         836       
78         1724      
78         1955      
79         453       
79         962       
79         1976      
80         1899      
80         2047      
81         412       
81         916       
83         1079      
83         1559      
84         1274      
85         1405      
86         71        
88         1107      
88         1863      
89         626       
89         1010      
89         1807      
90         410       
90         571       
91         1473      
94         1529      
95         1365      
95         1899      
96         1773      
96         1977      
96         2047      
97         971       
97         1265      
97         1347      
97         1555      
98         1417      
99         227       
99         489       
100        967       
101        457       
103        412       
103        1199      
105        646       
105        971       
105        1229      
106        1217      
106        1476      
106        2014      
107        132       
107        644       
107        1679      
107        2014      
108        487       
108        1685      
108        1908      
109        420       
109        463       
109        726       
109        2004      
111        415       
111        444       
111        910       
111        941       
113        564       
114        699       
115        853       
115        1691      
115        1758      
115        2009      
116        1656      
116        1813      
117        1501      
117        1732      
117        1855      
118        797       
119        1483      
119        1989      
120        950       
121        971       
121        1986      
123        283       
123        982       
124        1876      
125        1396      
125        2031      
126        469       
127        481       
128        795       
130        1929      
131        1245      
131        1433      
131        1437      
132        403       
133        1618      
134        909       
134        1647      
135        475       
135        752       
135        1837      
135        1965      
135        2041      
136        1255      
137        21        
137        2014      
139        655       
139        998       
139        1445      
139        1933      
139        2011      
139        2023      
141        855       
141        2029      
142        685       
142        918       
142        955       
142        1236      
142        2040      
143        259       
143        511       
143        719       
144        431       
144        663       
145        159       
145        1807      
146        284       
146        1850      
147        437       
147        1852      
147        2009      
148        1839      
149        511       
149        1529      
149        1580      
152        386       
152        1205      
152        1237      
153        147       
153        891       
153        927       
153        1977      
154        196       
154        343       
154        847       
155        665       
155        1266      
155        2001      
156        1434      
156        1503      
157        1346      
157        1437      
157        2007      
159        712       
159        926       
160        1928      
161        919       
162        968       
162        1435      
162        1801      
162        1829      
163        1535      
163        1928      
164        43        
164        789       
164        1455      
165        349       
165        793       
167        509       
167        1255      
168        1037      
168        1091      
168        1333      
168        1731      
168        1985      
169        803       
169        918       
169        1035      
169        1799      
170        385       
170        731       
170        981       
170        1164      
171        538       
171        750       
171        857       
171        1766      
171        1807      
171        1897      
171        1936      
172        135       
172        1245      
172        1729      
172        1999      
172        2020      
173        453       
173        844       
173        967       
173        1989      
173        2020      
174        2023      
174        2031      
175        780       
175        1148      
175        1237      
175        1371      
177        1950      
177        2012      
178        282       
178        1870      
179        1183      
179        1434      
180        1476      
182        1038      
183        82        
183        1214      
184        691       
184        1947      
185        262       
185        405       
185        466       
185        911       
185        949       
185        1535      
185        1947      
186        155       
186        312       
186        923       
186        1761      
187        316       
187        391       
187        756       
187        1310      
187        1685      
188        171       
188        437       
188        592       
190        531       
191        199       
191        816       
191        967       
191        1205      
191        1381      
191        1981      
192        713       
192        997       
192        1502      
194        1859      
195        766       
195        879       
195        1335      
195        1482      
195        1507      
195        1881      
195        1949      
195        2027      
196        428       
196        657       
196        982       
197        974       
197        1679      
197        1726      
197        1775      
197        1885      
197        1917      
198        1437      
200        182       
200        198       
200        1657      
200        1753      
200        1781      
201        972       
202        970       
202        973       
202        1314      
202        1382      
202        1492      
202        1615      
203        358       
203        978       
203        1023      
203        1305      
203        1371      
204        1158      
205        655       
205        982       
205        1267      
205        1737      
206        1009      
206        1181      
206        1371      
207        1533      
208        234       
210        320       
210        401       
210        1820      
211        1014      
211        1977      
213        1263      
214        1460      
215        1885      
216        7         
218        728       
218        2009      
219        2014      
220        126       
221        1526      
221        1914      
221        1943      
222        681       
222        1878      
224        1309      
224        1395      
225        335       
225        601       
225        793       
225        1487      
225        1999      
226        749       
226        1241      
226        1473      
227        581       
227        1098      
228        868       
229        448       
230        491       
230        1877      
232        583       
233        490       
233        1091      
233        1101      
233        1472      
234        1391      
235        682       
235        733       
235        1330      
236        207       
236        255       
236        933       
236        1693      
237        105       
237        742       
237        1544      
238        765       
239        342       
239        423       
239        483       
239        856       
239        871       
239        965       
239        1031      
239        1523      
240        428       
241        1993      
242        82        
242        537       
242        1171      
243        1148      
246        613       
246        847       
247        951       
247        1133      
249        463       
249        991       
249        1282      
249        1447      
249        1917      
250        194       
250        725       
250        985       
251        77        
251        238       
251        347       
251        735       
251        961       
251        1203      
251        1235      
251        1936      
253        1174      
253        1464      
254        877       
254        1490      
255        988       
256        611       
256        1737      
258        13        
259        153       
259        745       
260        903       
260        1695      
260        1838      
261        158       
261        1958      
262        1093      
262        1432      
263        1164      
264        163       
264        913       
264        2047      
265        879       
265        958       
265        1423      
266        24        
266        173       
266        1733      
267        1488      
267        2023      
268        1729      
269        1035      
269        1953      
270        943       
270        1045      
270        1221      
271        173       
271        660       
271        1477      
272        1193      
273        1339      
274        620       
274        1977      
276        1531      
278        446       
279        1036      
280        727       
280        1516      
280        1883      
281        1241      
283        674       
283        1037      
283        1860      
284        974       
285        550       
286        1631      
288        1091      
289        200       
289        591       
289        759       
289        1121      
289        1968      
290        201       
290        349       
290        651       
290        1145      
291        28        
291        602       
291        638       
291        782       
291        992       
291        1539      
292        223       
292        1367      
292        1821      
294        158       
294        1241      
295        189       
295        697       
295        1640      
296        135       
296        649       
296        1171      
297        653       
297        1279      
297        1479      
297        1741      
298        151       
298        447       
298        453       
298        883       
298        1689      
299        465       
299        515       
299        659       
299        1604      
299        1936      
300        53        
300        1351      
302        88        
302        565       
302        1239      
302        1279      
303        603       
303        724       
303        940       
305        45        
305        1299      
306        169       
306        639       
307        64        
307        1993      
309        1823      
310        1553      
311        991       
311        1141      
311        1455      
312        1595      
313        31        
313        223       
313        1241      
313        2003      
314        927       
314        989       
314        1417      
315        978       
315        988       
315        1210      
315        1683      
316        143       
316        181       
316        1175      
317        1246      
317        1331      
317        2015      
318        1136      
318        1431      
318        1685      
320        1482      
320        1743      
321        1092      
321        1249      
321        1588      
323        953       
323        979       
323        1739      
325        118       
325        179       
325        456       
325        1595      
326        588       
327        77        
327        1125      
327        1185      
328        200       
328        663       
328        1601      
329        134       
329        755       
329        1195      
329        1363      
329        1998      
330        986       
330        1602      
330        1706      
331        1989      
332        1992      
334        749       
334        1219      
335        221       
335        1044      
336        511       
336        955       
336        1238      
336        1501      
337        318       
337        479       
337        861       
338        428       
338        1754      
339        1469      
340        1003      
341        1758      
343        1863      
344        1129      
344        1279      
344        2045      
345        691       
345        1022      
345        1307      
346        599       
347        210       
347        1757      
348        507       
348        718       
349        1149      
349        2047      
350        1634      
351        1154      
354        669       
354        1608      
355        1227      
357        1543      
357        1763      
358        1221      
359        961       
359        1496      
360        1181      
362        1029      
362        1096      
362        1709      
363        461       
363        967       
364        939       
364        1037      
364        1271      
365        730       
365        1245      
365        1689      
366        1668      
367        741       
369        1627      
371        1693      
373        716       
373        733       
373        767       
373        1096      
373        1244      
373        1549      
374        1044      
376        2036      
377        201       
377        212       
377        314       
377        938       
377        1078      
377        1495      
378        1230      
379        29        
379        1779      
379        1876      
380        409       
380        1242      
381        1662      
382        712       
383        1781      
384        112       
384        655       
384        713       
384        1149      
385        1069      
385        1641      
386        188       
386        1055      
386        1758      
387        1427      
388        1949      
389        59        
389        1097      
391        908       
391        1349      
391        1951      
392        291       
393        129       
393        536       
393        747       
393        901       
393        1263      
393        1393      
393        1573      
394        585       
394        685       
395        753       
395        1700      
396        1695      
397        699       
397        993       
397        1396      
397        1959      
398        1462      
399        153       
399        513       
399        1221      
399        1243      
400        207       
400        250       
402        217       
403        220       
403        341       
403        525       
403        1158      
403        1755      
403        1787      
404        493       
405        1972      
406        1661      
406        1853      
407        221       
407        351       
408        1208      
409        418       
409        741       
409        1829      
409        1991      
410        1043      
411        1082      
411        1242      
411        1662      
411        1779      
411        1992      
412        311       
412        1218      
413        431       
414        663       
414        1489      
414        1943      
415        208       
415        2006      
416        715       
416        827       
417        326       
419        744       
419        1166      
419        1180      
419        1481      
419        1685      
420        399       
420        1127      
420        1291      
420        1351      
420        1470      
421        459       
421        1255      
421        1354      
421        1734      
422        1118      
422        1196      
422        1664      
422        1709      
422        2030      
423        1279      
423        1742      
424        649       
425        19        
425        732       
425        1106      
425        1698      
425        1759      
426        224       
426        465       
426        1237      
426        1270      
427        183       
428        1168      
428        1175      
428        1964      
429        299       
429        1502      
430        1777      
431        135       
431        1031      
431        1199      
431        1466      
431        1541      
431        1998      
432        476       
432        505       
432        954       
433        463       
433        523       
433        734       
433        739       
433        1417      
433        1683      
434        732       
434        1208      
435        1017      
435        1758      
435        1823      
436        1742      
437        1947      
438        207       
438        1502      
438        1535      
439        1239      
439        1534      
440        586       
440        1248      
440        1726      
441        663       
441        1715      
442        1484      
442        1745      
442        2039      
443        591       
443        792       
443        983       
443        1079      
443        1571      
444        910       
444        1695      
444        1883      
445        663       
445        1146      
446        217       
446        643       
446        1566      
446        2021      
447        346       
447        551       
447        1543      
448        239       
448        1162      
449        527       
449        1663      
449        1732      
450        169       
450        716       
450        1656      
451        1502      
452        711       
452        1486      
455        686       
455        765       
455        1226      
456        1661      
457        83        
457        529       
457        1017      
457        1094      
457        1239      
458        201       
458        1473      
459        387       
459        748       
459        1082      
459        1447      
460        1227      
461        750       
461        1261      
461        1423      
462        636       
462        880       
463        965       
463        1415      
463        1653      
463        1999      
464        465       
464        1134      
464        1693      
465        1393      
465        1533      
466        624       
467        69        
467        1559      
467        1636      
468        201       
468        665       
468        1701      
469        255       
469        584       
469        1844      
470        758       
471        240       
472        269       
473        2012      
474        1195      
475        1223      
475        1386      
476        1511      
476        1739      
477        1782      
478        1493      
478        1668      
479        734       
479        836       
480        462       
480        683       
480        1994      
481        138       
481        967       
482        77        
482        1808      
483        763       
483        1053      
483        1743      
484        383       
485        735       
486        810       
487        361       
487        1037      
487        1055      
487        1747      
488        976       
488        1233      
488        1264      
489        1269      
489        1745      
490        77        
490        406       
490        1349      
490        2015      
491        719       
491        1062      
491        1244      
491        1349      
491        1557      
491        1615      
491        1762      
492        978       
492        1634      
493        833       
493        991       
494        336       
494        356       
494        868       
494        1758      
494        1791      
495        967       
495        1616      
495        1746      
495        1820      
496        666       
497        618       
497        845       
497        1294      
498        1216      
498        1368      
499        735       
499        1276      
499        1499      
500        1744      
501        187       
502        730       
502        2015      
503        463       
503        695       
503        1678      
504        858       
504        920       
505        35        
505        723       
506        988       
506        1104      
506        1308      
506        1373      
506        1496      
507        533       
507        869       
507        987       
507        1753      
508        924       
508        1172      
508        1368      
511        447       
512        1678      
513        272       
513        1163      
513        1438      
514        23        
514        813       
515        1000      
517        543       
517        1565      
519        1006      
520        1756      
521        1003      
522        740       
522        1339      
523        273       
523        1134      
523        2021      
524        495       
524        637       
525        324       
526        1451      
526        1969      
527        816       
527        1485      
528        938       
529        392       
533        1851      
535        499       
535        972       
536        125       
536        923       
537        127       
537        1425      
538        1885      
540        1439      
541        563       
541        715       
541        1893      
541        1967      
541        1990      
542        1155      
542        1412      
543        495       
543        1596      
543        1825      
544        1434      
545        1161      
545        1208      
547        1799      
548        5         
551        1149      
552        50        
552        1010      
553        665       
554        218       
554        491       
555        913       
555        1033      
557        66        
557        292       
558        912       
558        1939      
559        1001      
559        1037      
560        1287      
561        1927      
562        1029      
562        1297      
562        1873      
562        1944      
562        2011      
564        657       
565        1471      
565        1791      
565        1948      
567        1311      
568        919       
569        455       
570        345       
570        655       
570        1695      
570        1817      
572        2017      
573        1941      
574        213       
574        727       
575        1152      
575        1310      
575        1868      
576        2024      
577        816       
578        2010      
579        685       
579        1602      
579        1803      
581        1987      
583        189       
583        750       
585        790       
585        1246      
586        220       
586        1998      
588        31        
588        1607      
589        1004      
590        1525      
590        2000      
590        2035      
593        425       
593        953       
595        638       
595        1293      
595        1901      
596        1963      
598        509       
602        985       
602        1468      
602        1604      
604        1994      
605        573       
606        735       
607        849       
607        1629      
607        1721      
607        1860      
609        1019      
609        1483      
610        966       
610        1013      
611        1748      
611        1845      
611        1943      
613        971       
613        1423      
615        838       
615        1518      
616        1936      
617        67        
618        281       
618        1133      
618        1884      
619        791       
619        1171      
621        837       
621        1623      
622        1052      
623        344       
623        393       
625        1240      
625        1423      
627        477       
628        191       
628        971       
628        1111      
628        1942      
630        541       
630        1368      
631        270       
631        988       
631        2003      
632        1427      
632        1707      
633        973       
633        1862      
636        1492      
637        591       
637        1501      
637        1683      
638        1247      
639        1797      
640        1515      
641        419       
641        835       
641        1350      
641        1928      
642        986       
642        1209      
642        1573      
643        981       
643        1920      
644        1438      
645        941       
646        1965      
647        423       
647        1677      
648        1016      
649        912       
649        1214      
650        141       
650        1946      
651        851       
651        1364      
651        1669      
651        1939      
652        1006      
653        982       
654        1079      
654        1973      
655        224       
655        936       
655        1603      
656        1744      
657        412       
658        308       
659        1136      
660        1359      
663        140       
663        927       
665        511       
665        762       
665        974       
665        1858      
666        1578      
667        767       
667        1209      
667        1791      
671        1399      
672        219       
672        975       
672        1176      
673        932       
674        405       
675        783       
675        936       
675        1182      
675        1609      
675        1738      
675        2014      
678        1261      
679        895       
679        1179      
679        1499      
679        1820      
679        1997      
680        365       
680        1219      
681        643       
681        1611      
682        448       
682        1415      
682        1938      
683        703       
683        1609      
683        1677      
685        1023      
685        1052      
685        1231      
685        1691      
685        1839      
685        1856      
686        763       
686        983       
687        541       
688        443       
688        1530      
688        1881      
688        1995      
689        977       
689        989       
689        1623      
690        471       
691        564       
691        1701      
691        1884      
692        860       
692        1724      
693        1949      
694        967       
694        1245      
694        1566      
695        1870      
696        1615      
697        841       
697        1488      
697        1847      
697        1911      
698        367       
698        764       
698        1728      
699        525       
699        795       
699        1151      
700        797       
701        281       
702        1049      
702        1821      
703        1668      
703        1926      
704        1020      
705        1338      
706        1547      
706        1913      
707        1492      
707        1647      
708        2009      
709        467       
710        697       
711        1337      
711        1614      
711        1997      
711        2010      
712        1221      
713        981       
713        1907      
714        327       
714        1006      
715        565       
715        614       
715        808       
715        868       
715        885       
715        1352      
716        1702      
717        1826      
718        83        
718        461       
719        1297      
719        1991      
719        2020      
720        46        
720        197       
720        456       
720        659       
721        1171      
722        1339      
723        217       
723        746       
723        942       
723        1069      
723        1628      
724        1641      
726        1383      
726        1564      
727        1022      
728        863       
731        943       
731        1010      
731        1015      
731        1749      
732        1726      
732        1999      
734        1408      
735        197       
735        213       
736        1397      
737        271       
737        420       
737        587       
737        1620      
738        1039      
738        1673      
738        1787      
739        205       
739        287       
739        1998      
740        1164      
741        1764      
743        980       
743        1919      
743        1999      
744        1171      
744        1216      
744        1482      
744        1987      
745        727       
745        918       
746        1477      
747        1505      
747        1528      
747        1776      
748        132       
749        988       
749        1166      
749        1266      
750        197       
750        1605      
751        648       
751        788       
751        853       
751        1001      
751        1220      
751        1988      
753        977       
753        995       
753        1720      
755        713       
755        725       
755        983       
757        911       
757        990       
758        428       
758        479       
759        1371      
759        1864      
759        1927      
761        1503      
762        399       
763        857       
763        1369      
764        958       
767        479       
767        660       
767        2014      
768        701       
769        747       
770        1676      
771        110       
771        910       
771        1303      
771        2011      
774        938       
774        1199      
774        1224      
775        772       
776        337       
776        497       
776        741       
776        1165      
777        985       
778        904       
778        1262      
779        593       
779        1065      
779        1093      
779        1327      
780        659       
781        1431      
782        617       
782        730       
782        1213      
782        1490      
782        1629      
782        1781      
783        177       
783        628       
784        175       
784        675       
786        200       
786        1036      
787        525       
787        1624      
787        1972      
789        315       
789        759       
790        1745      
791        217       
791        1400      
792        1719      
794        91        
794        1745      
796        382       
796        655       
796        698       
797        1782      
798        1815      
799        632       
799        933       
799        1223      
800        167       
800        568       
800        1611      
801        199       
801        1807      
802        1064      
803        126       
803        1762      
807        1557      
807        1961      
808        744       
809        643       
809        668       
809        835       
809        1122      
810        841       
810        1541      
810        1744      
811        166       
811        1609      
811        1782      
811        1924      
812        1926      
813        1807      
813        1869      
814        1699      
814        1847      
814        2004      
815        182       
815        533       
815        659       
815        1294      
815        1551      
816        506       
816        671       
816        1114      
817        395       
818        1028      
819        74        
819        145       
819        732       
819        960       
819        1712      
820        597       
821        89        
821        1638      
821        1742      
821        1870      
822        1225      
823        89        
823        728       
823        1685      
824        112       
825        1491      
826        543       
826        1955      
827        1205      
827        1921      
827        1995      
828        1300      
828        1601      
829        1700      
830        264       
831        1493      
831        1883      
832        1775      
835        37        
835        475       
835        1132      
835        1763      
836        526       
837        789       
837        1497      
838        1740      
839        1263      
839        1431      
839        1786      
840        705       
841        345       
841        1327      
842        200       
843        1768      
844        55        
844        1991      
846        221       
846        1697      
847        457       
847        1253      
847        1493      
847        1528      
847        1901      
848        106       
848        240       
849        634       
849        1174      
849        1271      
849        1503      
850        78        
851        1738      
853        267       
853        2014      
855        111       
855        1756      
856        850       
856        1235      
856        1549      
857        338       
857        1635      
858        928       
858        1101      
858        1499      
858        1524      
859        16        
859        1999      
861        1271      
863        3         
863        228       
863        1081      
864        1527      
864        1707      
865        579       
865        1751      
867        1152      
867        1675      
869        464       
870        646       
870        671       
871        1118      
872        415       
873        193       
873        1125      
874        1743      
874        1812      
875        41        
875        345       
875        1181      
875        1188      
875        2023      
876        1623      
877        650       
878        1224      
879        766       
880        90        
880        1035      
881        975       
882        1755      
882        1973      
883        1327      
884        86        
884        198       
884        716       
884        1631      
885        735       
885        1567      
886        154       
886        654       
886        903       
886        1475      
887        1374      
888        206       
888        857       
888        1913      
889        140       
890        663       
891        669       
891        1221      
892        1996      
893        1276      
895        1493      
896        1975      
897        491       
897        715       
897        1302      
898        862       
898        1160      
899        516       
899        538       
899        593       
899        664       
899        1565      
901        1084      
901        1277      
902        650       
902        671       
902        1501      
903        1557      
904        201       
904        1763      
907        130       
907        1308      
907        1589      
908        1303      
908        1669      
909        1708      
909        1717      
910        108       
910        756       
910        1372      
910        1457      
910        1998      
911        684       
911        717       
911        2015      
914        31        
915        1183      
915        1715      
915        1916      
918        1308      
919        1617      
919        1773      
920        251       
920        823       
920        1057      
920        1913      
921        1271      
921        1522      
923        666       
923        924       
923        1404      
923        1684      
925        903       
927        883       
927        1181      
927        1982      
928        523       
929        751       
929        989       
929        1485      
929        1585      
930        641       
930        1035      
930        1103      
930        1629      
931        908       
931        1223      
931        1419      
931        1631      
931        1730      
932        395       
932        898       
934        902       
936        1939      
937        6         
937        91        
937        214       
937        1693      
937        1735      
937        1767      
938        450       
938        1665      
938        1933      
939        727       
939        806       
939        1105      
939        1229      
939        1263      
939        1423      
939        1568      
940        36        
940        126       
940        719       
940        1031      
941        102       
941        146       
941        1105      
942        397       
943        1549      
943        1565      
944        735       
944        883       
944        970       
944        980       
944        1743      
945        327       
945        940       
946        131       
947        155       
947        458       
947        467       
947        1723      
947        1910      
951        671       
951        1202      
952        1031      
953        1718      
954        531       
954        919       
955        1630      
956        159       
956        468       
956        989       
957        1508      
957        1757      
958        501       
958        540       
959        1493      
960        98        
961        539       
962        680       
962        2027      
963        2043      
964        861       
965        1020      
967        28        
967        1219      
967        1785      
968        119       
968        1694      
968        1697      
971        103       
971        998       
971        1131      
971        1223      
971        1230      
972        443       
972        1069      
973        383       
973        1687      
974        405       
974        767       
976        970       
976        1136      
978        1367      
978        1772      
978        2029      
979        850       
981        746       
981        1151      
981        1751      
983        152       
984        212       
984        1335      
986        681       
986        1427      
986        1699      
987        1349      
987        1530      
987        1606      
988        459       
989        583       
989        1242      
990        236       
990        1184      
990        2047      
991        843       
991        1273      
991        1725      
992        1212      
992        1353      
993        200       
993        1107      
994        1243      
994        1601      
995        245       
995        1755      
995        2029      
997        1807      
997        1946      
998        927       
999        76        
999        844       
1000       1242      
1000       1675      
1001       581       
1001       1268      
1001       1667      
1002       652       
1002       1523      
1002       1587      
1002       1753      
1002       1977      
1003       271       
1003       519       
1004       415       
1005       705       
1006       233       
1006       677       
1007       581       
1007       710       
1007       732       
1007       1741      
1008       1235      
1008       1739      
1008       1769      
1009       1011      
1009       1213      
1010       1420      
1010       1683      
1011       249       
1011       926       
1011       2040      
1014       1279      
1015       466       
1016       561       
1017       219       
1017       617       
1017       1346      
1017       1714      
1018       197       
1018       844       
1018       1218      
1020       599       
1021       130       
1021       147       
1021       477       
1022       2013      
1024       627       
1026       419       
1026       1163      
1027       460       
1027       798       
1027       983       
1027       1465      
1027       1873      
1029       1743      
1030       412       
1030       956       
1030       996       
1031       93        
1031       1377      
1033       469       
1033       798       
1033       898       
1033       949       
1033       1306      
1034       1969      
1035       994       
1035       1125      
1035       1943      
1036       1278      
1037       319       
1037       787       
1037       1518      
1038       510       
1038       997       
1038       1329      
1039       997       
1039       1752      
1039       1863      
1040       1228      
1041       1667      
1041       1755      
1042       1225      
1042       1590      
1043       56        
1046       1377      
1048       339       
1048       1172      
1048       1794      
1049       135       
1049       1499      
1050       675       
1050       1713      
1051       129       
1051       426       
1051       985       
1051       1692      
1051       2032      
1052       954       
1054       229       
1054       264       
1054       399       
1054       727       
1055       385       
1056       345       
1056       715       
1056       771       
1057       150       
1057       1101      
1057       1622      
1057       1668      
1058       780       
1059       333       
1059       748       
1059       1885      
1060       149       
1060       991       
1061       652       
1061       843       
1061       967       
1061       1926      
1062       1192      
1063       655       
1063       967       
1064       807       
1065       444       
1066       801       
1066       929       
1066       1006      
1066       1735      
1067       422       
1067       431       
1067       963       
1067       1001      
1067       1255      
1067       1875      
1068       632       
1069       469       
1069       748       
1070       577       
1070       899       
1070       1350      
1071       1869      
1072       1234      
1073       368       
1073       915       
1074       393       
1074       1340      
1074       1617      
1075       84        
1075       415       
1077       1948      
1079       833       
1079       1823      
1079       1872      
1080       1651      
1080       1919      
1081       23        
1081       270       
1081       499       
1081       850       
1081       1842      
1082       203       
1083       956       
1083       1447      
1084       274       
1084       422       
1085       903       
1085       1015      
1085       1076      
1086       457       
1086       665       
1086       2014      
1088       1370      
1089       843       
1089       991       
1090       461       
1091       321       
1091       328       
1092       749       
1092       1869      
1094       1220      
1095       955       
1095       1021      
1095       1454      
1096       1899      
1097       279       
1097       367       
1097       1344      
1097       2011      
1098       1326      
1098       1491      
1099       1158      
1099       1249      
1099       1740      
1099       1870      
1103       370       
1103       998       
1103       2045      
1104       372       
1104       425       
1104       1886      
1105       337       
1105       1626      
1105       1915      
1107       112       
1107       881       
1107       905       
1107       929       
1109       250       
1109       972       
1112       731       
1112       1497      
1113       925       
1113       1719      
1114       1512      
1115       614       
1115       2033      
1117       404       
1117       751       
1117       2010      
1119       1007      
1120       1755      
1121       26        
1121       910       
1121       1181      
1121       1459      
1122       1006      
1124       612       
1125       822       
1125       990       
1126       982       
1126       1496      
1127       781       
1127       1733      
1128       318       
1128       327       
1128       748       
1128       1295      
1128       1516      
1129       916       
1130       981       
1130       1537      
1131       225       
1131       1071      
1131       1565      
1132       1988      
1133       215       
1133       385       
1133       1216      
1135       828       
1135       2006      
1136       323       
1136       722       
1137       597       
1137       863       
1137       1159      
1139       867       
1139       1376      
1139       1480      
1139       1621      
1141       991       
1141       2015      
1143       138       
1143       350       
1143       573       
1143       777       
1143       1005      
1144       94        
1144       351       
1144       2007      
1145       479       
1145       1263      
1146       498       
1146       949       
1147       1815      
1147       1940      
1149       400       
1149       1111      
1151       945       
1151       1783      
1151       1785      
1151       2030      
1152       875       
1152       1475      
1152       1487      
1153       157       
1153       897       
1153       924       
1153       1180      
1153       1933      
1154       156       
1154       477       
1154       984       
1155       568       
1155       716       
1155       1028      
1155       1873      
1155       1943      
1156       309       
1157       581       
1157       927       
1158       721       
1158       1790      
1160       951       
1161       23        
1161       854       
1161       876       
1162       514       
1162       1496      
1162       1906      
1163       140       
1163       957       
1163       1272      
1163       1877      
1164       345       
1164       811       
1164       1829      
1165       914       
1165       1062      
1165       1452      
1165       1957      
1167       91        
1167       485       
1167       1455      
1167       1543      
1167       1782      
1167       1803      
1167       1935      
1168       7         
1169       1659      
1169       1671      
1170       923       
1170       1468      
1171       872       
1171       1005      
1171       1213      
1171       1597      
1172       1962      
1174       266       
1174       797       
1174       1087      
1174       1404      
1175       1211      
1176       1934      
1177       22        
1177       1427      
1177       1625      
1177       1775      
1178       823       
1178       899       
1179       1008      
1179       1435      
1179       1462      
1179       1938      
1180       1262      
1180       1455      
1181       798       
1182       1332      
1182       1515      
1182       1998      
1183       408       
1183       948       
1183       1349      
1184       907       
1185       397       
1185       470       
1185       584       
1185       731       
1185       1119      
1186       1589      
1187       458       
1187       473       
1187       666       
1188       427       
1188       909       
1189       139       
1191       525       
1191       848       
1191       974       
1191       983       
1191       1090      
1192       2035      
1193       976       
1193       1176      
1194       332       
1194       789       
1195       431       
1195       780       
1195       1045      
1195       1475      
1195       1546      
1195       2004      
1196       1854      
1197       279       
1197       425       
1197       477       
1197       719       
1197       734       
1197       739       
1197       1994      
1198       471       
1199       469       
1199       605       
1199       954       
1199       1189      
1199       1710      
1200       291       
1200       732       
1200       835       
1200       1480      
1201       355       
1201       1416      
1201       1914      
1202       908       
1202       1159      
1203       865       
1206       169       
1207       942       
1208       511       
1208       1943      
1209       825       
1210       179       
1210       716       
1210       854       
1210       1081      
1210       1678      
1211       149       
1211       507       
1211       935       
1212       195       
1212       1868      
1213       171       
1213       1901      
1213       2006      
1214       118       
1214       1168      
1214       1927      
1215       901       
1215       1842      
1216       1215      
1217       2031      
1218       157       
1218       200       
1219       423       
1219       846       
1219       1684      
1221       509       
1221       734       
1221       1903      
1222       246       
1222       765       
1223       430       
1223       1374      
1224       456       
1224       506       
1225       451       
1225       707       
1225       1394      
1225       1816      
1226       422       
1226       1525      
1226       1600      
1227       359       
1227       627       
1228       225       
1228       467       
1228       983       
1228       1839      
1229       148       
1229       1647      
1229       1666      
1231       4         
1231       1990      
1233       248       
1233       986       
1233       1372      
1233       2047      
1234       865       
1234       1559      
1235       684       
1235       927       
1236       943       
1236       1309      
1237       1424      
1239       1047      
1240       1225      
1240       1885      
1240       1931      
1241       1527      
1242       915       
1243       208       
1243       1259      
1244       141       
1244       763       
1245       115       
1245       726       
1245       966       
1246       1651      
1246       1655      
1246       1869      
1247       773       
1247       1223      
1247       1688      
1249       282       
1249       894       
1249       906       
1249       1391      
1249       1743      
1250       1273      
1251       13        
1251       841       
1252       955       
1253       895       
1254       621       
1254       964       
1255       477       
1255       495       
1255       773       
1255       1626      
1256       364       
1256       659       
1257       218       
1257       226       
1257       324       
1257       975       
1257       1737      
1258       23        
1258       375       
1258       460       
1258       725       
1258       1513      
1258       1816      
1259       9         
1259       235       
1259       327       
1259       1500      
1259       1794      
1259       1940      
1260       630       
1260       1483      
1261       470       
1261       1245      
1262       573       
1262       772       
1262       1244      
1262       1752      
1264       453       
1264       1354      
1265       1103      
1266       2042      
1267       3         
1267       1496      
1267       1629      
1269       588       
1269       1119      
1269       1909      
1270       411       
1271       453       
1272       1518      
1274       1833      
1275       68        
1275       231       
1275       401       
1275       1040      
1276       975       
1276       1485      
1276       1526      
1277       95        
1277       458       
1277       1894      
1278       2013      
1279       583       
1279       607       
1279       1561      
1280       590       
1281       586       
1281       1736      
1281       1766      
1282       136       
1283       514       
1283       1114      
1283       1211      
1283       1643      
1283       1769      
1284       1839      
1285       571       
1286       508       
1287       191       
1287       375       
1287       527       
1287       1517      
1287       1738      
1287       1748      
1288       1156      
1288       1175      
1288       1627      
1289       67        
1289       189       
1289       1215      
1289       1328      
1289       1543      
1289       1963      
1289       2025      
1290       757       
1291       114       
1291       492       
1291       1435      
1293       229       
1293       1268      
1293       1743      
1294       62        
1294       83        
1294       397       
1294       733       
1294       964       
1294       1416      
1295       1256      
1295       1497      
1296       114       
1296       339       
1296       1297      
1297       459       
1297       653       
1297       747       
1299       553       
1299       1162      
1299       1675      
1300       559       
1300       760       
1301       20        
1301       1350      
1301       1679      
1301       1703      
1302       1565      
1303       141       
1303       679       
1304       219       
1304       1113      
1304       1670      
1304       1965      
1305       1799      
1307       637       
1307       756       
1307       982       
1307       1208      
1307       1596      
1307       1666      
1308       103       
1308       979       
1309       546       
1310       1022      
1312       159       
1312       816       
1312       2011      
1313       137       
1313       415       
1315       347       
1315       661       
1315       904       
1315       1130      
1315       1627      
1317       586       
1317       662       
1318       1068      
1319       520       
1320       339       
1320       913       
1320       1513      
1320       1631      
1321       17        
1321       135       
1322       233       
1322       258       
1322       1471      
1322       1748      
1322       2003      
1323       559       
1323       1555      
1324       747       
1325       562       
1326       576       
1326       587       
1326       606       
1326       1567      
1327       900       
1328       2012      
1329       455       
1329       1469      
1330       909       
1330       1183      
1331       189       
1331       785       
1331       1211      
1331       1765      
1332       1334      
1333       142       
1333       541       
1334       166       
1334       1576      
1334       1738      
1334       1756      
1336       27        
1336       1114      
1336       1870      
1337       595       
1337       785       
1338       129       
1338       787       
1338       1361      
1339       907       
1339       1617      
1340       1733      
1342       468       
1342       1558      
1342       1624      
1343       1855      
1345       283       
1345       669       
1347       36        
1347       202       
1347       743       
1347       1171      
1347       1358      
1347       1771      
1349       1133      
1349       2015      
1351       1999      
1352       255       
1352       965       
1353       1490      
1353       1950      
1354       483       
1354       1149      
1354       1910      
1355       94        
1355       521       
1355       2002      
1356       623       
1356       1503      
1357       179       
1357       208       
1357       767       
1357       1038      
1359       1376      
1361       69        
1362       1174      
1363       476       
1363       895       
1363       1261      
1363       1518      
1363       1773      
1364       1785      
1364       1935      
1365       235       
1368       632       
1368       1237      
1368       1288      
1368       1681      
1369       101       
1370       997       
1370       1371      
1371       749       
1371       824       
1373       19        
1373       441       
1373       629       
1373       966       
1374       142       
1374       893       
1374       2012      
1375       85        
1375       723       
1375       1161      
1377       939       
1377       1741      
1377       1789      
1377       1906      
1378       3         
1378       719       
1379       122       
1379       2007      
1380       223       
1381       61        
1381       1915      
1382       1847      
1383       235       
1384       191       
1384       214       
1384       671       
1384       1234      
1384       1254      
1385       170       
1385       1141      
1385       1733      
1386       202       
1386       216       
1386       1816      
1386       2017      
1386       2036      
1387       213       
1387       481       
1387       1075      
1387       1247      
1387       1992      
1388       987       
1389       57        
1389       1742      
1390       204       
1390       1159      
1390       1558      
1391       351       
1391       751       
1391       1355      
1392       726       
1393       506       
1393       1103      
1393       1311      
1393       1483      
1394       522       
1394       557       
1394       1101      
1395       198       
1395       894       
1396       903       
1397       1870      
1398       2029      
1400       246       
1400       731       
1400       1897      
1401       499       
1401       857       
1401       1106      
1401       1238      
1401       1685      
1402       704       
1402       1385      
1403       383       
1405       335       
1405       363       
1405       535       
1405       1476      
1405       2005      
1406       403       
1407       588       
1407       678       
1407       1325      
1408       127       
1409       70        
1409       240       
1409       763       
1409       1285      
1409       1411      
1409       1974      
1410       571       
1412       648       
1412       1055      
1414       716       
1414       1709      
1415       28        
1415       29        
1415       31        
1415       697       
1415       1620      
1416       559       
1416       1921      
1417       716       
1417       804       
1417       915       
1417       1262      
1417       1478      
1417       1774      
1417       2003      
1418       901       
1418       919       
1418       1277      
1418       1552      
1419       74        
1419       503       
1419       553       
1419       644       
1419       697       
1419       1462      
1420       405       
1420       1316      
1421       205       
1421       477       
1421       519       
1421       903       
1421       919       
1422       37        
1423       185       
1423       734       
1423       1660      
1424       653       
1424       1769      
1425       120       
1426       392       
1427       185       
1428       1546      
1429       191       
1429       571       
1429       1215      
1429       1439      
1430       947       
1431       208       
1432       539       
1432       669       
1432       1598      
1432       1739      
1432       2015      
1433       90        
1434       426       
1434       935       
1434       1169      
1434       1361      
1435       674       
1435       722       
1435       753       
1435       875       
1435       1169      
1435       1261      
1435       1866      
1436       575       
1436       1729      
1437       1784      
1438       1351      
1438       1845      
1439       709       
1439       1317      
1439       1928      
1440       82        
1440       137       
1440       458       
1440       1601      
1441       63        
1441       723       
1441       900       
1441       1020      
1441       1295      
1442       569       
1442       632       
1442       1113      
1442       1710      
1442       1745      
1442       1757      
1442       1865      
1442       1945      
1442       1986      
1443       144       
1443       655       
1443       795       
1443       1045      
1443       1162      
1443       1564      
1444       235       
1444       1757      
1445       605       
1445       1674      
1446       1273      
1446       1426      
1447       587       
1448       15        
1448       400       
1448       967       
1448       1289      
1448       1625      
1449       159       
1449       430       
1449       994       
1449       1266      
1449       1629      
1449       1691      
1450       1165      
1450       1543      
1450       1654      
1450       1893      
1451       128       
1451       1517      
1451       1602      
1452       513       
1452       676       
1452       710       
1452       726       
1453       135       
1453       703       
1453       767       
1453       1966      
1454       165       
1454       636       
1454       829       
1454       905       
1454       1161      
1454       1951      
1455       413       
1455       1759      
1456       1061      
1456       1183      
1456       1747      
1457       350       
1457       520       
1457       714       
1457       1333      
1458       1233      
1458       1900      
1458       1920      
1458       1962      
1459       63        
1459       584       
1459       1151      
1459       1180      
1460       1175      
1461       276       
1461       1421      
1462       440       
1462       445       
1462       1365      
1463       795       
1463       1048      
1463       1799      
1464       537       
1464       1503      
1465       921       
1466       201       
1466       629       
1466       1226      
1466       1729      
1467       135       
1467       1266      
1467       1571      
1467       2007      
1467       2033      
1468       647       
1468       1538      
1468       1941      
1469       142       
1469       406       
1469       789       
1470       144       
1470       399       
1470       438       
1470       725       
1470       1030      
1470       1691      
1470       1743      
1471       730       
1471       1309      
1471       1557      
1472       706       
1473       34        
1473       235       
1473       728       
1473       738       
1473       1230      
1474       474       
1474       634       
1474       728       
1474       1628      
1475       205       
1475       383       
1475       1490      
1476       1901      
1476       1910      
1478       39        
1478       697       
1478       729       
1478       854       
1478       934       
1478       1215      
1479       948       
1479       1251      
1480       1443      
1481       231       
1481       747       
1481       898       
1483       465       
1483       503       
1483       1160      
1484       331       
1484       462       
1484       1242      
1484       1565      
1484       1654      
1485       693       
1485       1157      
1486       1861      
1487       39        
1487       477       
1487       948       
1487       1783      
1488       600       
1490       361       
1490       604       
1490       2014      
1491       187       
1491       504       
1491       771       
1492       711       
1493       1021      
1494       335       
1494       1236      
1495       645       
1496       631       
1496       1184      
1496       1749      
1497       242       
1497       724       
1497       1781      
1497       2015      
1498       360       
1498       510       
1498       566       
1498       732       
1498       1011      
1498       1999      
1499       148       
1499       210       
1499       759       
1499       1359      
1499       1372      
1499       1829      
1500       541       
1500       670       
1501       1023      
1502       766       
1502       999       
1503       90        
1504       139       
1505       587       
1505       652       
1505       667       
1505       718       
1505       2027      
1506       731       
1506       1724      
1507       708       
1507       1177      
1507       1385      
1507       1817      
1508       78        
1508       216       
1508       375       
1508       1605      
1508       1840      
1509       476       
1509       993       
1510       252       
1510       839       
1511       1629      
1511       2015      
1512       663       
1512       705       
1512       723       
1513       90        
1513       545       
1514       203       
1514       726       
1514       767       
1515       217       
1515       456       
1515       1749      
1515       1858      
1515       1879      
1517       654       
1517       1230      
1518       164       
1518       215       
1518       478       
1518       667       
1518       1365      
1519       306       
1519       479       
1519       972       
1519       1605      
1519       1820      
1520       602       
1520       1396      
1520       1779      
1521       1266      
1521       1268      
1521       1277      
1522       207       
1522       1625      
1523       604       
1523       849       
1523       925       
1523       1692      
1524       858       
1525       212       
1525       2014      
1527       1630      
1528       758       
1529       722       
1530       539       
1530       989       
1530       1503      
1531       65        
1531       93        
1531       1007      
1532       862       
1532       2014      
1533       557       
1533       830       
1533       1109      
1533       1271      
1534       1263      
1535       85        
1535       579       
1536       562       
1537       1593      
1538       1533      
1538       1966      
1539       450       
1539       459       
1539       492       
1540       301       
1541       1286      
1543       915       
1543       927       
1544       903       
1545       299       
1545       866       
1545       1996      
1546       141       
1546       1717      
1547       584       
1547       840       
1547       1137      
1549       797       
1549       927       
1549       1429      
1549       1895      
1550       368       
1550       463       
1551       406       
1551       676       
1551       748       
1552       281       
1552       439       
1554       856       
1555       1470      
1559       215       
1559       522       
1560       1897      
1561       270       
1562       28        
1564       1893      
1565       294       
1565       1071      
1566       853       
1566       1761      
1567       528       
1567       948       
1568       907       
1568       1620      
1570       332       
1570       734       
1570       885       
1570       1930      
1571       665       
1571       974       
1571       1193      
1571       1484      
1571       1857      
1572       923       
1572       1695      
1572       1750      
1572       1871      
1575       1232      
1577       684       
1577       911       
1578       82        
1578       1421      
1578       1762      
1579       5         
1579       589       
1579       694       
1579       925       
1579       1741      
1579       1949      
1580       456       
1580       717       
1580       1118      
1581       395       
1581       1670      
1581       2038      
1582       1468      
1583       42        
1583       172       
1584       84        
1585       863       
1585       1222      
1585       1547      
1586       758       
1587       85        
1587       186       
1589       30        
1589       991       
1590       77        
1591       381       
1592       1877      
1593       1011      
1594       558       
1595       756       
1595       1353      
1595       1819      
1595       2000      
1596       726       
1599       926       
1599       1423      
1600       425       
1600       1646      
1600       2025      
1601       331       
1601       859       
1601       881       
1601       2031      
1602       305       
1602       889       
1603       340       
1603       459       
1604       767       
1604       1307      
1605       1023      
1606       334       
1606       893       
1606       1003      
1607       2025      
1608       461       
1609       33        
1609       846       
1609       903       
1609       995       
1610       5         
1610       392       
1611       1373      
1612       493       
1612       583       
1612       717       
1613       750       
1613       1027      
1613       1451      
1614       324       
1614       1008      
1614       1253      
1615       231       
1615       604       
1616       376       
1616       1247      
1616       1459      
1617       791       
1618       635       
1618       2012      
1619       313       
1620       543       
1621       524       
1622       1884      
1623       524       
1624       114       
1625       1943      
1626       1037      
1627       323       
1627       452       
1628       772       
1629       486       
1631       95        
1631       2028      
1632       315       
1634       834       
1634       861       
1634       1741      
1636       2014      
1637       348       
1637       1967      
1638       1502      
1638       1548      
1640       654       
1640       741       
1640       851       
1640       914       
1640       1653      
1641       173       
1641       617       
1641       709       
1641       1130      
1641       1331      
1641       1933      
1641       1991      
1642       495       
1643       200       
1643       269       
1643       323       
1643       454       
1643       1113      
1643       1416      
1643       1477      
1645       247       
1646       92        
1646       852       
1647       165       
1647       467       
1647       967       
1648       1256      
1649       2009      
1650       1059      
1650       1543      
1650       1773      
1650       1863      
1651       158       
1651       347       
1653       585       
1653       1823      
1654       1356      
1655       331       
1657       736       
1657       763       
1658       593       
1658       1231      
1658       1946      
1659       629       
1659       1017      
1659       1364      
1659       1758      
1660       727       
1661       209       
1662       336       
1663       276       
1663       1221      
1663       1655      
1663       1887      
1664       467       
1665       409       
1665       598       
1665       675       
1665       718       
1666       47        
1666       396       
1666       1545      
1666       1695      
1667       1475      
1669       365       
1670       925       
1670       1789      
1671       973       
1671       1220      
1671       1485      
1672       433       
1672       953       
1672       1199      
1672       1791      
1673       960       
1674       712       
1675       632       
1675       735       
1675       751       
1675       1244      
1676       1263      
1676       1391      
1677       171       
1678       370       
1678       550       
1678       839       
1678       1606      
1680       503       
1680       748       
1680       922       
1681       671       
1681       1830      
1682       980       
1683       716       
1683       1423      
1684       414       
1684       1834      
1685       642       
1685       1295      
1685       1887      
1685       2030      
1686       140       
1687       533       
1687       1685      
1688       1196      
1688       1696      
1689       246       
1689       271       
1689       1625      
1691       499       
1691       773       
1691       791       
1691       889       
1693       973       
1694       492       
1695       465       
1695       774       
1695       1869      
1696       723       
1696       2009      
1697       231       
1697       848       
1697       1874      
1697       1907      
1698       396       
1698       1035      
1698       1869      
1699       387       
1699       526       
1699       845       
1699       906       
1699       909       
1702       1006      
1702       1039      
1702       1933      
1703       1658      
1703       1885      
1704       983       
1704       1499      
1704       1528      
1705       141       
1705       1032      
1705       1347      
1705       1670      
1705       1688      
1706       402       
1706       526       
1706       844       
1706       845       
1706       890       
1706       899       
1706       1001      
1706       1861      
1707       208       
1707       522       
1707       1627      
1709       747       
1709       1954      
1709       2017      
1711       1891      
1711       1972      
1712       731       
1713       1235      
1713       1583      
1714       347       
1714       725       
1714       911       
1714       988       
1715       194       
1715       1928      
1716       271       
1716       856       
1718       669       
1718       989       
1718       1183      
1719       175       
1719       435       
1721       316       
1721       919       
1721       959       
1721       966       
1721       1338      
1721       1679      
1722       468       
1722       729       
1722       771       
1722       901       
1722       941       
1722       977       
1723       190       
1723       407       
1723       457       
1723       885       
1723       1118      
1723       1189      
1723       1735      
1724       2047      
1726       1173      
1726       1425      
1727       1253      
1727       1759      
1728       1579      
1729       746       
1729       990       
1731       540       
1731       637       
1731       808       
1733       1022      
1733       1781      
1734       447       
1735       936       
1735       984       
1736       186       
1736       1023      
1737       760       
1737       992       
1737       1614      
1737       1993      
1738       71        
1738       209       
1738       357       
1738       466       
1738       808       
1738       964       
1739       972       
1740       580       
1741       114       
1741       1907      
1742       715       
1742       1165      
1745       539       
1745       765       
1746       29        
1747       1006      
1747       1101      
1747       1740      
1749       1643      
1750       79        
1750       873       
1750       967       
1751       488       
1752       659       
1752       862       
1752       868       
1752       1758      
1752       1982      
1753       414       
1753       991       
1753       1264      
1753       1891      
1753       2029      
1754       699       
1754       1017      
1754       1651      
1755       463       
1755       759       
1755       851       
1755       855       
1755       1917      
1756       675       
1756       1352      
1757       958       
1757       1435      
1757       1437      
1757       1991      
1757       2047      
1759       1246      
1760       778       
1760       961       
1761       473       
1761       717       
1761       735       
1761       1409      
1761       1476      
1761       1993      
1762       217       
1762       506       
1762       1804      
1762       1949      
1763       613       
1763       974       
1763       999       
1763       1355      
1765       335       
1765       1353      
1765       1774      
1766       749       
1766       1022      
1766       1915      
1767       605       
1768       1267      
1769       971       
1769       981       
1769       1403      
1769       1999      
1770       71        
1770       279       
1770       832       
1770       998       
1770       1347      
1771       506       
1771       708       
1771       907       
1771       1409      
1771       1622      
1771       1742      
1773       838       
1773       1007      
1773       1950      
1774       241       
1774       997       
1774       1375      
1775       905       
1776       1627      
1776       1737      
1777       187       
1777       875       
1777       1371      
1778       1939      
1778       2044      
1779       846       
1779       984       
1781       1783      
1782       1845      
1783       533       
1783       917       
1783       926       
1783       1236      
1784       195       
1784       589       
1784       1648      
1785       660       
1785       1355      
1785       1895      
1786       485       
1786       859       
1786       906       
1787       530       
1787       720       
1788       126       
1788       850       
1790       1579      
1791       467       
1791       637       
1791       1367      
1791       1780      
1791       1941      
1793       165       
1793       462       
1793       654       
1793       1956      
1794       250       
1794       722       
1794       893       
1794       951       
1795       743       
1796       38        
1796       159       
1796       551       
1796       1757      
1799       5         
1799       130       
1799       706       
1800       109       
1800       663       
1800       1685      
1802       329       
1802       429       
1802       557       
1802       715       
1802       1665      
1803       249       
1803       849       
1803       977       
1803       1125      
1803       1613      
1804       661       
1805       1167      
1805       2012      
1806       189       
1806       1012      
1806       1175      
1806       2044      
1807       535       
1808       600       
1808       1624      
1809       785       
1809       1566      
1809       1675      
1809       1689      
1810       1993      
1811       808       
1811       1144      
1812       1871      
1814       321       
1814       1180      
1815       447       
1815       917       
1815       941       
1816       553       
1816       1989      
1817       723       
1817       874       
1818       1128      
1819       657       
1819       1686      
1820       1105      
1822       601       
1825       1807      
1826       542       
1826       1309      
1826       1788      
1827       441       
1827       1577      
1827       1671      
1829       588       
1829       1741      
1830       649       
1831       151       
1831       283       
1831       565       
1831       794       
1831       1247      
1831       1775      
1832       979       
1833       509       
1833       1173      
1833       1239      
1833       1482      
1833       1545      
1834       74        
1834       1163      
1834       1219      
1834       1722      
1835       515       
1835       597       
1835       1878      
1836       79        
1836       782       
1837       1071      
1839       903       
1839       1631      
1839       1689      
1841       1355      
1841       1691      
1842       601       
1842       1929      
1842       2013      
1843       94        
1843       559       
1845       1727      
1848       406       
1848       723       
1848       1019      
1849       1516      
1850       1744      
1851       186       
1854       397       
1855       797       
1856       1395      
1856       1804      
1857       1577      
1857       1675      
1857       1706      
1859       148       
1859       1708      
1860       757       
1860       854       
1861       1241      
1863       965       
1863       1861      
1864       974       
1864       1000      
1864       1759      
1865       217       
1865       320       
1865       1139      
1865       1377      
1866       640       
1866       1232      
1866       1675      
1867       65        
1867       435       
1867       471       
1867       1107      
1867       1553      
1867       1749      
1868       711       
1869       15        
1869       245       
1869       558       
1869       966       
1869       1901      
1870       631       
1871       47        
1871       863       
1871       1797      
1872       153       
1873       1727      
1874       253       
1874       808       
1875       128       
1875       140       
1875       1230      
1875       1474      
1875       1535      
1876       158       
1876       699       
1876       985       
1878       85        
1878       893       
1878       1947      
1879       237       
1879       286       
1879       1790      
1880       1623      
1880       1883      
1882       985       
1882       1752      
1882       1791      
1883       480       
1883       1790      
1884       898       
1884       1069      
1884       1823      
1885       1198      
1886       717       
1887       1503      
1887       1648      
1888       591       
1888       694       
1889       78        
1889       892       
1889       1484      
1889       1593      
1889       1932      
1890       1499      
1895       971       
1896       578       
1897       87        
1897       402       
1897       614       
1897       707       
1897       993       
1897       1507      
1897       1950      
1898       77        
1898       95        
1898       257       
1899       1094      
1902       741       
1902       1509      
1902       1740      
1902       2011      
1903       99        
1903       398       
1903       636       
1903       725       
1903       767       
1903       981       
1903       983       
1903       1124      
1903       1665      
1904       222       
1904       1228      
1904       1612      
1905       476       
1905       631       
1905       1015      
1905       1543      
1906       587       
1906       1759      
1906       1884      
1907       29        
1907       1114      
1909       95        
1909       664       
1910       213       
1910       537       
1910       1231      
1911       971       
1911       1213      
1913       658       
1913       1971      
1914       365       
1914       1622      
1915       1277      
1916       1093      
1916       1731      
1917       238       
1917       759       
1918       1396      
1919       238       
1919       756       
1919       1558      
1920       1690      
1921       153       
1921       1162      
1921       1186      
1921       1703      
1923       874       
1923       1613      
1924       655       
1924       664       
1924       742       
1925       143       
1925       772       
1926       537       
1926       1629      
1926       1982      
1927       218       
1929       460       
1929       1723      
1931       411       
1931       560       
1931       593       
1931       1737      
1933       975       
1933       1520      
1934       1229      
1934       1684      
1935       246       
1936       25        
1936       749       
1937       646       
1937       1155      
1937       1651      
1938       46        
1938       179       
1938       684       
1939       690       
1940       142       
1941       1479      
1943       253       
1943       919       
1943       1624      
1944       1499      
1945       37        
1945       202       
1945       1594      
1946       1237      
1947       629       
1947       857       
1947       1721      
1947       1875      
1948       2033      
1949       241       
1950       492       
1950       1936      
1951       177       
1951       970       
1951       1721      
1952       695       
1953       581       
1953       664       
1953       959       
1954       977       
1954       1675      
1955       132       
1955       512       
1955       530       
1955       652       
1955       768       
1955       1109      
1956       203       
1957       650       
1957       1095      
1957       1746      
1958       943       
1959       1731      
1960       84        
1960       2000      
1961       1698      
1961       1809      
1962       1581      
1962       1776      
1963       81        
1963       1031      
1963       1557      
1965       517       
1965       652       
1966       86        
1966       118       
1966       510       
1967       772       
1967       1429      
1968       1949      
1969       715       
1970       2012      
1971       1800      
1973       213       
1975       527       
1975       917       
1975       1357      
1975       1935      
1975       1949      
1976       101       
1976       1918      
1977       22        
1977       1085      
1977       1554      
1978       754       
1978       1607      
1979       947       
1979       1107      
1979       1219      
1979       1622      
1979       1996      
1980       1886      
1981       20        
1981       596       
1982       605       
1982       1252      
1982       1735      
1983       156       
1983       796       
1984       108       
1984       232       
1984       747       
1984       887       
1984       1238      
1985       616       
1986       47        
1986       1886      
1986       1989      
1987       139       
1987       1882      
1988       850       
1989       1582      
1990       917       
1990       1460      
1991       462       
1991       702       
1991       1094      
1992       159       
1992       661       
1993       195       
1994       471       
1994       564       
1994       716       
1994       722       
1994       869       
1994       1989      
1995       495       
1995       899       
1995       1219      
1996       1068      
1997       910       
1998       71        
1998       485       
1998       1735      
1999       186       
1999       429       
1999       963       
1999       997       
1999       1006      
1999       1030      
1999       1429      
2000       211       
2001       147       
2002       475       
2002       585       
2002       1506      
2003       93        
2003       589       
2003       741       
2003       743       
2003       847       
2003       1950      
2003       2004      
2006       1693      
2006       1752      
2008       1278      
2009       1743      
2010       236       
2010       597       
2010       1611      
2011       12        
2011       342       
2011       1169      
2011       1567      
2012       501       
2013       732       
2014       126       
2014       1125      
2014       1790      
2015       1533      
2016       268       
2016       775       
2017       221       
2018       111       
2018       732       
2018       733       
2018       793       
2019       345       
2020       1490      
2020       1662      
2023       721       
2023       1774      
2024       733       
2024       1119      
2024       1235      
2024       2019      
2025       139       
2025       206       
2025       578       
2025       626       
2025       1237      
2025       1669      
2026       70        
2026       238       
2026       1981      
2027       387       
2027       911       
2027       2015      
2028       195       
2028       675       
2028       732       
2028       1211      
2029       1697      
2031       615       
2031       1217      
2031       1437      
2033       477       
2033       743       
2033       930       
2033       1179      
2033       1639      
2035       524       
2036       887       
2036       964       
2036       1753      
2037       975       
2038       1257      
2039       729       
2040       245       
2040       1386      
2041       205       
2041       606       
2041       1993      
2042       85        
2042       2015      
2043       223       
2043       499       
2043       565       
2043       606       
2044       1253      
2044       1628      
