1          637       
1          732       
1          907       
1          1233      
2          692       
2          768       
2          908       
2          1628      
3          137       
3          818       
6          644       
7          256       
7          664       
7          797       
7          1711      
8          158       
9          204       
9          681       
10         607       
10         1746      
10         1758      
13         862       
13         1182      
14         1102      
14         1684      
16         1212      
16         1556      
17         1154      
17         1583      
18         68        
18         1128      
18         1132      
19         109       
19         549       
19         940       
19         1164      
19         1226      
20         1566      
20         1576      
21         735       
21         1041      
22         856       
22         1500      
22         1567      
23         523       
23         739       
23         1120      
25         409       
25         1927      
26         1762      
27         1700      
27         1784      
28         1564      
28         1966      
29         595       
31         1128      
32         542       
32         618       
33         182       
33         631       
33         961       
34         1522      
35         1065      
35         1195      
35         1258      
35         1295      
35         1952      
36         233       
36         441       
36         1607      
36         1612      
37         140       
37         1833      
39         1000      
41         93        
41         1120      
41         2002      
42         4         
42         1881      
43         1369      
44         1979      
45         1252      
46         130       
46         1733      
48         1603      
48         1631      
49         543       
49         1560      
49         1595      
49         1905      
50         556       
50         744       
50         1537      
51         753       
52         687       
53         120       
53         871       
53         1614      
53         2018      
54         1738      
55         443       
55         1571      
56         505       
57         611       
59         425       
61         1740      
64         392       
64         411       
64         939       
64         1749      
65         565       
65         1115      
65         1602      
65         1620      
65         1736      
66         1304      
66         1616      
68         1597      
69         777       
70         18        
70         678       
70         740       
71         746       
71         898       
73         382       
73         1771      
75         1247      
75         1667      
75         1774      
76         588       
77         1740      
80         176       
80         201       
80         703       
81         12        
81         74        
82         130       
83         41        
83         181       
83         588       
83         1180      
84         929       
84         1024      
84         1737      
87         755       
87         1643      
88         524       
89         103       
89         275       
89         742       
91         908       
91         1066      
91         1137      
91         1242      
91         1450      
91         1591      
92         741       
93         615       
96         72        
96         218       
96         1081      
96         1448      
97         161       
97         1543      
97         1654      
97         1669      
97         1672      
98         1772      
99         710       
99         745       
99         971       
99         1059      
99         1548      
99         1765      
100        202       
100        578       
103        1222      
105        584       
106        1694      
106        2028      
107        285       
108        1588      
109        907       
109        968       
110        164       
112        1742      
112        1798      
113        543       
113        1873      
114        1341      
114        1738      
116        1549      
116        1727      
117        924       
117        1273      
117        1364      
118        631       
119        584       
119        880       
119        1623      
120        948       
120        1207      
123        112       
123        314       
123        1156      
123        1271      
124        410       
125        623       
125        1758      
126        652       
128        124       
128        206       
128        996       
128        1978      
129        95        
129        152       
129        656       
129        1278      
130        384       
130        962       
130        987       
131        42        
131        719       
131        1830      
132        286       
132        908       
132        1174      
132        1940      
133        1757      
133        1928      
134        662       
134        891       
134        956       
134        1728      
135        685       
135        1771      
136        1485      
136        1944      
137        1179      
137        1473      
138        1486      
138        1670      
138        1748      
139        67        
139        652       
139        1023      
139        1215      
139        1529      
139        1906      
141        540       
141        1756      
141        1995      
141        2029      
144        884       
144        915       
144        940       
144        1682      
145        159       
145        282       
145        699       
145        762       
146        663       
146        1623      
147        932       
147        1544      
147        1822      
147        1976      
148        219       
148        648       
148        754       
148        1816      
149        10        
149        1472      
149        1697      
150        1992      
151        90        
152        667       
152        745       
152        1127      
153        213       
153        255       
153        864       
153        907       
153        1681      
153        1683      
153        1696      
154        671       
155        118       
155        893       
155        1693      
155        1791      
157        251       
157        1035      
159        663       
160        859       
160        945       
160        1746      
161        737       
161        937       
162        460       
162        1224      
162        1678      
163        668       
163        867       
163        1706      
164        601       
164        747       
164        1737      
164        1759      
165        472       
165        686       
165        727       
165        1149      
166        1820      
167        653       
169        69        
169        517       
169        716       
169        1712      
169        1785      
171        73        
171        746       
171        1156      
172        1589      
172        1610      
172        1695      
173        1566      
173        1699      
176        600       
176        2034      
177        12        
177        737       
177        854       
177        1032      
177        1916      
178        335       
178        1212      
178        1299      
178        1676      
178        2007      
179        152       
179        441       
179        1706      
180        1221      
180        1653      
181        1453      
181        1670      
181        1671      
181        1719      
182        699       
182        712       
183        1047      
183        1705      
184        896       
184        1606      
185        648       
185        1738      
185        1782      
185        1966      
187        668       
187        1929      
188        1181      
188        1434      
188        1581      
188        1997      
189        1771      
189        1897      
191        1118      
192        649       
192        1214      
193        1692      
194        1021      
194        1722      
194        2013      
195        440       
195        1380      
196        1744      
197        237       
197        535       
197        1005      
197        1219      
197        1677      
199        2026      
200        868       
201        671       
201        1674      
202        1552      
203        1594      
203        1880      
204        1702      
205        789       
207        652       
208        655       
209        1217      
209        1983      
209        2014      
210        1490      
210        1871      
211        179       
211        310       
211        1008      
211        1513      
211        1544      
211        1754      
212        722       
212        1448      
212        1537      
212        1771      
213        505       
213        1420      
213        1537      
213        1799      
215        1200      
215        1416      
216        672       
217        235       
217        957       
218        902       
219        927       
221        743       
221        1668      
221        1713      
224        1673      
225        577       
225        648       
225        685       
225        1809      
226        927       
226        1171      
226        1439      
226        1563      
227        281       
227        303       
227        732       
227        739       
227        1931      
228        350       
229        234       
229        706       
229        1419      
229        1567      
229        1953      
230        1162      
230        2011      
231        210       
231        529       
233        667       
233        1179      
233        1522      
234        1522      
235        1985      
239        163       
239        1241      
240        108       
240        431       
240        929       
240        1158      
241        319       
242        384       
242        448       
242        1691      
243        135       
243        208       
243        640       
244        410       
244        1670      
244        1735      
245        75        
248        964       
248        1712      
248        1748      
249        1585      
250        228       
250        1678      
251        661       
251        665       
251        1054      
251        2035      
252        428       
253        155       
253        869       
256        840       
256        1409      
256        1882      
257        1338      
257        1741      
257        2010      
258        329       
258        794       
258        1195      
258        1804      
258        2030      
259        472       
259        534       
259        809       
259        1031      
259        1462      
259        1518      
259        1519      
259        1733      
260        1507      
260        1978      
261        509       
261        1348      
261        1850      
261        1865      
261        1883      
261        1965      
261        1994      
262        428       
262        449       
262        871       
262        1328      
263        623       
263        1709      
263        1721      
264        424       
264        876       
264        1465      
264        1856      
265        269       
265        793       
265        1264      
267        640       
267        679       
267        941       
267        972       
267        1502      
267        1882      
267        1945      
267        1982      
267        2013      
268        717       
268        799       
269        1318      
272        519       
272        703       
272        846       
272        1262      
272        1488      
272        1740      
273        584       
273        644       
273        920       
273        1578      
273        1683      
273        1784      
273        1788      
273        1989      
274        900       
274        1645      
274        1848      
274        2034      
275        537       
275        720       
275        1155      
275        1626      
276        1417      
277        446       
277        838       
277        1106      
277        1601      
277        1826      
278        352       
278        886       
278        1589      
279        968       
279        2012      
280        978       
280        1303      
281        94        
281        827       
281        1482      
281        1571      
281        1936      
281        1937      
281        1972      
283        479       
283        1814      
283        1997      
285        381       
285        518       
285        895       
285        1036      
285        1285      
286        1974      
287        1014      
287        1046      
287        1982      
288        968       
288        970       
288        1274      
288        1480      
288        1706      
289        271       
289        1311      
289        1316      
289        1864      
290        489       
290        558       
290        931       
290        1586      
290        1805      
290        1882      
290        2032      
291        82        
291        212       
291        553       
292        1473      
293        457       
294        1864      
295        206       
295        1410      
296        1368      
298        1166      
298        1318      
298        1333      
299        878       
300        340       
300        652       
300        1400      
301        1599      
302        573       
303        333       
303        551       
303        611       
303        1774      
304        851       
304        898       
304        1946      
305        1241      
306        0         
306        871       
307        268       
307        768       
307        1254      
307        1585      
307        1608      
307        1712      
308        764       
308        2024      
309        1305      
309        1540      
309        1627      
309        1675      
310        1503      
311        28        
311        643       
311        815       
311        1832      
311        1887      
311        1936      
311        2031      
312        914       
313        836       
313        1021      
313        1237      
313        1874      
314        607       
314        918       
314        1218      
315        2009      
316        1609      
316        1918      
316        1932      
317        332       
317        1627      
319        126       
319        1038      
319        1311      
319        1468      
319        1644      
320        796       
320        1804      
321        611       
321        1401      
321        1824      
322        399       
323        815       
323        1119      
323        1571      
323        1739      
324        1096      
325        923       
325        1578      
326        1099      
326        1611      
327        210       
327        1509      
327        2027      
329        1410      
329        1848      
330        224       
333        165       
333        906       
333        1968      
333        2008      
334        1636      
335        610       
336        593       
336        995       
336        1804      
337        7         
337        958       
337        1187      
337        1567      
337        1645      
338        239       
338        1566      
338        1861      
339        1518      
339        1947      
340        142       
340        724       
340        892       
341        73        
341        584       
341        1578      
341        1991      
341        1999      
342        30        
342        1212      
342        1404      
342        1997      
342        2045      
343        1113      
344        276       
344        298       
344        713       
344        1402      
344        1791      
346        529       
347        849       
348        1292      
348        1436      
349        590       
351        1024      
352        302       
352        513       
352        723       
352        972       
352        1734      
353        1825      
355        661       
355        1610      
355        1746      
356        654       
356        1210      
356        1887      
357        826       
357        1839      
358        452       
359        1801      
360        1369      
361        804       
361        1384      
363        844       
364        1223      
364        2047      
367        1658      
368        82        
368        1001      
368        1733      
369        828       
369        1565      
369        1828      
369        2047      
371        1818      
372        1355      
373        1021      
373        1236      
373        1667      
373        1931      
373        2045      
374        1183      
374        1928      
377        95        
377        405       
377        716       
379        542       
379        557       
379        1408      
379        1491      
379        1987      
381        160       
382        1246      
382        2036      
384        558       
384        977       
385        98        
385        490       
385        897       
385        1126      
386        1011      
386        1677      
386        1742      
386        1833      
386        1838      
386        1921      
387        333       
387        396       
387        719       
387        826       
387        994       
387        1659      
387        1712      
387        1726      
387        1768      
387        1916      
387        1920      
388        858       
388        1446      
388        1640      
388        1796      
390        108       
391        450       
391        840       
391        1751      
391        1944      
392        234       
392        1324      
393        251       
393        562       
393        879       
393        1594      
393        1786      
394        397       
394        988       
395        491       
395        674       
395        988       
395        1786      
395        1949      
396        208       
396        660       
396        1002      
397        556       
397        1157      
397        1629      
399        921       
399        1165      
400        186       
400        990       
400        1218      
400        1691      
400        1770      
401        2013      
402        1551      
402        1928      
403        429       
403        766       
403        910       
403        925       
403        956       
403        1075      
403        1563      
403        1656      
404        48        
404        122       
404        223       
404        694       
404        992       
404        1016      
405        192       
405        791       
405        1733      
407        29        
407        189       
407        645       
407        841       
407        985       
407        988       
407        1483      
408        916       
408        1167      
408        1384      
408        1414      
408        1960      
409        252       
409        1669      
410        896       
410        1180      
410        1988      
411        733       
412        423       
413        416       
413        1608      
413        1927      
415        1907      
416        1006      
416        1723      
416        1916      
416        1924      
417        171       
417        585       
417        876       
417        1006      
417        1199      
417        1423      
417        1748      
417        1842      
418        168       
418        1808      
419        67        
419        272       
419        449       
419        514       
419        1157      
419        1200      
419        1359      
419        1552      
419        1727      
420        223       
420        668       
420        746       
420        754       
420        1441      
420        1694      
420        1722      
420        1934      
421        1201      
421        1679      
421        1965      
422        694       
422        1743      
422        1870      
423        146       
423        495       
423        729       
423        776       
423        781       
423        996       
423        1156      
423        1230      
423        1453      
423        1561      
423        1633      
423        1728      
423        1744      
423        1820      
423        2029      
424        430       
424        910       
424        1438      
424        1889      
425        422       
425        977       
425        1771      
425        1957      
425        2046      
426        38        
426        713       
426        1580      
426        1715      
427        765       
428        1835      
429        716       
429        1507      
430        751       
430        1736      
431        1887      
432        159       
432        892       
432        1604      
433        970       
433        990       
433        999       
433        1152      
433        1979      
434        914       
434        1761      
434        1802      
435        452       
435        962       
435        1302      
435        1371      
435        1422      
435        1929      
435        1997      
436        671       
436        1305      
436        1812      
436        2007      
437        661       
437        884       
437        1166      
437        1180      
437        1485      
437        1498      
437        1538      
437        1659      
437        1678      
437        2039      
438        728       
438        1407      
438        1528      
438        1929      
438        2040      
439        556       
439        1947      
439        2003      
440        29        
441        143       
441        432       
441        1241      
441        1711      
441        1977      
441        2015      
442        904       
443        140       
443        995       
443        1994      
444        181       
445        667       
445        990       
445        1666      
445        1673      
445        1759      
445        1932      
447        373       
447        943       
447        1552      
447        1640      
447        1957      
447        1985      
448        133       
448        635       
448        1695      
449        290       
449        552       
449        650       
449        1288      
449        1417      
449        1842      
449        1880      
449        1954      
449        1993      
450        479       
451        435       
451        840       
451        969       
451        1195      
451        1743      
451        1921      
451        1964      
452        1239      
452        1418      
452        1875      
452        1981      
453        958       
453        965       
454        890       
454        1166      
454        1482      
455        56        
455        389       
455        1948      
455        1958      
456        514       
457        322       
457        1988      
457        1994      
458        1700      
459        12        
459        656       
459        1102      
461        579       
461        681       
461        1415      
461        1501      
461        1996      
462        452       
463        740       
464        200       
464        1342      
464        1967      
465        159       
465        677       
465        810       
465        1004      
465        1566      
465        1786      
467        488       
467        812       
467        1788      
468        700       
468        764       
468        854       
468        1670      
468        1680      
469        649       
469        1199      
469        1827      
472        1958      
473        887       
473        1104      
473        1434      
473        1808      
473        1884      
474        554       
475        695       
475        1200      
475        2013      
476        1207      
476        1215      
477        1782      
478        981       
478        1516      
479        897       
480        412       
480        1485      
480        1708      
480        1734      
481        571       
481        685       
481        1434      
482        335       
482        680       
482        962       
482        1447      
482        1988      
483        466       
483        904       
483        954       
483        1003      
483        1541      
483        1724      
483        1762      
483        1946      
484        204       
484        438       
485        756       
485        910       
485        958       
486        595       
487        282       
487        655       
487        872       
487        1435      
487        1885      
488        326       
488        1711      
489        1263      
489        1675      
489        1951      
490        706       
490        756       
491        927       
491        1021      
491        1348      
491        1414      
491        1932      
491        2031      
492        734       
492        1887      
493        1021      
494        207       
494        1664      
495        782       
496        1251      
496        1945      
497        956       
497        969       
497        1027      
497        1163      
497        1770      
497        1832      
498        504       
498        1249      
498        1744      
498        1976      
498        2022      
499        272       
499        932       
499        1930      
500        430       
500        930       
500        1724      
500        2012      
501        1007      
501        1769      
501        2011      
502        970       
502        2013      
503        658       
503        742       
505        242       
505        761       
507        1906      
508        813       
509        451       
509        1422      
509        1746      
509        1935      
512        1542      
513        44        
513        765       
513        1284      
514        973       
515        603       
515        1223      
516        554       
516        1677      
517        1261      
517        1647      
519        570       
520        140       
520        462       
520        1590      
521        76        
525        678       
525        1549      
528        140       
528        321       
528        1675      
529        254       
529        515       
529        1768      
529        1772      
530        122       
530        926       
530        2001      
531        133       
531        139       
531        1542      
531        1699      
533        90        
533        1195      
535        681       
535        816       
535        1580      
535        1740      
535        2037      
537        1175      
537        1767      
538        139       
539        575       
541        67        
541        1189      
542        1824      
544        25        
544        205       
544        1586      
545        778       
546        1194      
546        1448      
546        1902      
547        725       
547        1567      
548        1694      
549        1022      
550        201       
552        156       
553        583       
553        1653      
554        72        
555        136       
555        1515      
558        1742      
559        1337      
559        1931      
560        223       
560        540       
560        622       
561        249       
561        1642      
561        1823      
563        682       
564        209       
564        1482      
565        161       
565        1110      
567        712       
567        1631      
568        466       
568        897       
569        579       
569        1248      
569        1986      
570        542       
570        1234      
571        156       
571        2032      
572        695       
573        1536      
573        1890      
576        687       
577        282       
577        1256      
578        149       
581        1041      
581        1248      
581        1801      
582        146       
582        570       
583        585       
586        402       
589        1645      
590        1548      
592        220       
592        1451      
592        1460      
595        1671      
596        1135      
597        354       
597        1161      
597        1368      
597        1549      
598        1709      
599        1626      
599        1868      
600        1262      
601        863       
603        527       
603        1463      
608        1252      
609        1208      
611        170       
612        1419      
615        1599      
615        1986      
619        943       
619        2013      
624        1358      
624        1694      
625        37        
625        347       
626        664       
626        714       
628        80        
628        1683      
629        10        
629        605       
633        132       
634        588       
635        1453      
636        1631      
640        547       
640        687       
640        930       
640        1103      
640        1642      
640        1677      
640        1761      
641        134       
641        949       
641        1212      
641        1929      
641        2046      
642        751       
642        1890      
643        164       
643        455       
643        815       
643        1172      
644        1160      
644        1261      
645        160       
645        185       
645        1753      
646        1904      
647        173       
647        393       
647        912       
647        1391      
647        1578      
648        707       
649        106       
649        1683      
650        1597      
651        524       
652        316       
653        747       
653        1901      
655        1727      
656        168       
656        1694      
657        656       
657        812       
659        573       
659        709       
659        1498      
659        1635      
659        2026      
660        168       
660        944       
661        429       
662        992       
662        1436      
663        976       
663        1202      
663        1216      
663        1744      
665        1171      
666        682       
667        1778      
668        161       
669        460       
669        950       
671        164       
671        1119      
672        129       
672        1930      
673        393       
673        908       
673        1032      
673        1448      
674        988       
674        1502      
674        1546      
675        169       
675        484       
675        767       
675        1167      
675        1555      
676        168       
676        1269      
677        301       
677        1702      
678        1030      
679        621       
679        748       
679        759       
679        1080      
680        517       
681        153       
681        1825      
682        814       
682        1710      
684        920       
684        1496      
685        230       
686        1730      
686        2043      
687        220       
688        1548      
688        1620      
688        2026      
689        723       
689        904       
689        2019      
690        1680      
691        176       
691        701       
692        1170      
692        1224      
692        1253      
692        1434      
693        302       
693        352       
693        974       
693        1631      
693        1954      
694        156       
694        177       
694        1200      
695        1997      
697        1308      
697        1561      
697        1791      
698        1370      
698        1686      
699        8         
699        1678      
699        2010      
701        1513      
701        1642      
702        915       
703        1304      
704        20        
705        80        
705        474       
705        688       
706        1253      
706        2028      
707        1040      
707        1536      
707        1624      
708        142       
708        1705      
710        148       
710        779       
711        738       
711        1729      
713        177       
713        1426      
714        1585      
715        1769      
716        968       
719        1601      
720        706       
721        734       
721        1222      
721        1764      
722        1928      
723        154       
724        1132      
724        1359      
725        1737      
727        1713      
728        325       
728        1684      
729        1009      
729        1171      
730        1632      
731        1038      
731        1154      
734        1279      
737        1601      
738        1084      
738        1218      
738        1903      
739        3         
739        1226      
740        1177      
741        492       
741        1555      
742        1185      
742        1742      
743        1195      
744        898       
745        733       
745        1690      
745        1705      
746        703       
746        1664      
746        1674      
747        195       
748        1961      
750        984       
750        1738      
752        1182      
753        930       
755        1230      
756        1573      
756        1706      
757        233       
759        210       
763        1775      
767        1138      
767        1150      
767        1716      
768        662       
769        650       
770        858       
770        1392      
770        1757      
771        932       
771        1025      
771        1590      
772        202       
772        336       
773        327       
773        333       
773        905       
773        909       
773        1470      
776        1374      
776        1878      
777        188       
777        321       
777        514       
777        1227      
778        1472      
780        1536      
781        264       
782        874       
782        2002      
784        665       
784        778       
784        1644      
784        1689      
785        420       
785        425       
785        881       
785        1019      
786        0         
786        1330      
786        1376      
786        1758      
787        312       
787        776       
787        1418      
787        1988      
788        448       
788        1234      
788        1788      
789        81        
789        190       
789        1938      
790        1389      
790        1610      
791        1236      
793        212       
793        501       
793        526       
793        699       
793        910       
793        998       
794        1622      
794        1679      
795        800       
795        958       
795        1420      
796        994       
796        1399      
797        340       
797        653       
798        74        
799        659       
799        778       
799        1537      
800        920       
800        1135      
801        654       
801        1578      
803        1032      
803        1168      
803        1489      
803        2043      
804        944       
805        300       
805        630       
805        1103      
805        1503      
805        1642      
805        1948      
805        2012      
806        1807      
807        440       
807        714       
807        1291      
809        1302      
810        124       
812        1162      
814        1948      
816        132       
816        2002      
817        713       
817        1454      
818        740       
818        766       
818        1002      
818        1501      
818        1548      
818        1772      
818        1908      
819        841       
819        2012      
820        437       
820        1560      
821        380       
821        1899      
821        1925      
822        1651      
823        1754      
823        1811      
824        1590      
824        1669      
824        1794      
826        1285      
828        31        
828        1749      
829        749       
829        1282      
830        758       
830        809       
831        740       
831        868       
831        1024      
832        1586      
832        1699      
835        269       
835        1025      
835        1205      
835        1390      
835        1540      
835        1687      
835        1831      
837        680       
837        1084      
838        849       
838        1998      
839        628       
839        911       
839        1258      
839        1870      
840        946       
840        1394      
840        1640      
840        1771      
840        1898      
841        1547      
841        1747      
842        1112      
843        1890      
845        1083      
845        1496      
847        1166      
847        1632      
848        974       
849        590       
849        1745      
849        1956      
850        1802      
851        244       
851        1262      
852        406       
853        131       
854        891       
854        966       
854        1802      
855        826       
857        860       
857        2033      
859        373       
863        139       
863        1686      
864        418       
864        1465      
865        1994      
868        977       
868        1747      
868        1869      
869        968       
869        1785      
871        127       
871        191       
871        1099      
871        1130      
873        1097      
873        1552      
874        558       
874        703       
875        1148      
875        1702      
875        1991      
876        1702      
880        266       
880        1419      
881        908       
881        1883      
882        1346      
882        1465      
882        1480      
882        1835      
884        374       
884        604       
884        1612      
885        732       
887        1454      
887        1917      
888        444       
889        33        
889        328       
889        1663      
889        1745      
890        1215      
891        1056      
892        1421      
893        432       
894        1392      
895        741       
895        1544      
896        1346      
897        570       
897        714       
897        1951      
897        1953      
897        1973      
897        1996      
897        1998      
898        424       
898        1514      
898        1672      
898        2036      
899        104       
899        440       
899        458       
899        459       
899        1018      
899        1340      
899        1562      
900        1354      
901        911       
901        1435      
901        1486      
903        1484      
903        1757      
904        490       
904        716       
905        376       
905        390       
905        734       
905        1050      
905        1246      
905        1437      
905        1930      
905        1981      
906        1765      
907        1692      
908        734       
909        407       
909        751       
909        939       
910        601       
911        668       
912        445       
912        652       
912        1922      
913        1303      
913        2042      
914        907       
914        911       
914        970       
914        1383      
914        1422      
914        1677      
915        784       
915        924       
915        968       
915        1416      
915        1759      
915        1843      
915        1944      
916        751       
916        766       
916        1740      
916        1880      
916        1955      
917        984       
917        1564      
917        1923      
918        904       
919        1561      
919        1957      
919        1963      
920        303       
920        918       
920        1486      
920        1964      
921        1942      
922        830       
922        989       
922        1243      
922        1409      
922        1984      
923        1533      
923        1601      
925        61        
925        487       
925        686       
925        904       
925        1176      
925        1250      
925        1989      
925        2044      
926        968       
927        945       
927        1457      
927        1756      
928        658       
928        873       
929        136       
929        1494      
929        1656      
929        1694      
929        1721      
932        1221      
932        1603      
933        609       
933        1925      
934        952       
935        920       
936        2029      
937        452       
937        1490      
937        1786      
938        650       
938        700       
938        1108      
939        1404      
939        1796      
941        209       
942        1853      
943        226       
943        735       
944        82        
944        155       
944        409       
944        896       
944        1850      
945        415       
945        782       
945        1016      
945        2034      
946        285       
946        668       
946        975       
946        1518      
947        87        
947        139       
947        212       
947        429       
947        499       
947        1441      
948        1056      
948        1758      
949        648       
949        1244      
949        1293      
949        1821      
949        2012      
950        1016      
951        726       
951        1289      
952        1516      
953        735       
953        1556      
953        1796      
954        831       
954        1770      
955        97        
955        1240      
955        1687      
955        1696      
956        671       
956        1995      
958        1959      
960        972       
960        1678      
960        2046      
961        131       
961        150       
961        1259      
961        1678      
961        1961      
961        2032      
962        681       
963        795       
963        1203      
963        1227      
963        1431      
964        1522      
964        1945      
965        360       
965        1514      
966        828       
966        1699      
967        230       
967        1225      
967        1486      
967        1614      
968        2010      
969        159       
969        1443      
969        1480      
969        1832      
970        334       
970        1614      
971        1751      
973        920       
973        1239      
974        2036      
975        993       
975        2000      
977        1337      
978        1008      
978        1160      
978        1766      
979        678       
980        279       
980        1198      
981        943       
981        1401      
981        1946      
982        441       
982        1732      
982        1942      
983        974       
983        1272      
983        2021      
983        2041      
986        149       
986        697       
988        1724      
989        1307      
990        948       
991        594       
992        207       
992        1518      
993        634       
993        704       
993        1513      
993        1605      
994        31        
994        137       
994        1676      
995        223       
995        391       
995        527       
995        1190      
995        1999      
997        426       
997        1225      
997        1773      
997        1990      
998        475       
998        1238      
999        348       
1000       1171      
1000       1733      
1001       184       
1001       883       
1001       1661      
1002       577       
1004       1242      
1005       477       
1007       958       
1008       1443      
1008       1995      
1009       886       
1009       1922      
1010       939       
1010       1690      
1011       658       
1012       526       
1012       916       
1012       2025      
1015       1740      
1015       2045      
1016       208       
1016       667       
1016       1764      
1019       1953      
1021       920       
1021       1103      
1022       696       
1023       1519      
1024       158       
1024       589       
1024       666       
1025       108       
1025       540       
1025       1261      
1026       584       
1026       1300      
1026       1654      
1027       136       
1027       268       
1027       461       
1027       861       
1027       1571      
1027       1896      
1028       640       
1028       1184      
1029       590       
1029       1226      
1029       1615      
1029       1672      
1029       1755      
1031       628       
1031       978       
1031       1631      
1032       551       
1033       633       
1033       1672      
1033       1676      
1033       1759      
1034       1166      
1040       302       
1040       1642      
1040       1694      
1041       17        
1041       89        
1041       649       
1041       801       
1042       554       
1042       689       
1042       1538      
1042       1980      
1043       1273      
1043       1950      
1043       2027      
1045       439       
1045       1744      
1046       62        
1048       260       
1048       1360      
1048       1608      
1048       1838      
1049       627       
1049       643       
1049       707       
1049       1087      
1049       1726      
1050       1118      
1051       439       
1052       1684      
1053       400       
1053       432       
1053       1027      
1054       956       
1055       383       
1055       1206      
1056       1999      
1057       928       
1057       1836      
1057       1865      
1058       392       
1058       714       
1059       206       
1059       745       
1060       1035      
1061       128       
1061       571       
1061       659       
1062       706       
1062       1556      
1063       48        
1063       1589      
1063       1671      
1063       1771      
1064       114       
1064       1576      
1065       1773      
1065       1859      
1066       1224      
1066       1429      
1066       1658      
1067       949       
1069       584       
1069       740       
1069       1550      
1070       747       
1071       363       
1071       549       
1072       18        
1072       666       
1072       1767      
1073       555       
1073       1558      
1073       1703      
1075       1167      
1075       2042      
1077       802       
1078       692       
1078       716       
1078       1724      
1079       1498      
1079       1923      
1080       654       
1081       1040      
1083       1113      
1084       1177      
1085       187       
1085       878       
1085       1346      
1086       1100      
1086       1580      
1088       672       
1088       1640      
1088       1728      
1088       1803      
1088       2029      
1089       1048      
1089       1343      
1089       1590      
1090       91        
1090       516       
1090       648       
1090       1659      
1090       1818      
1091       1547      
1091       1767      
1092       1578      
1094       331       
1095       659       
1095       1064      
1095       1366      
1095       1774      
1095       1852      
1095       1926      
1095       1991      
1096       996       
1097       1501      
1097       1713      
1099       352       
1099       1307      
1101       1830      
1103       593       
1103       1104      
1104       1765      
1104       1818      
1105       442       
1105       565       
1105       1275      
1105       1371      
1107       868       
1107       1152      
1108       1702      
1109       1688      
1110       603       
1110       646       
1110       678       
1110       686       
1110       1591      
1112       1949      
1113       111       
1113       1929      
1115       151       
1115       247       
1116       1786      
1117       399       
1117       1670      
1117       1777      
1118       1635      
1122       605       
1122       842       
1123       1032      
1127       1602      
1127       1678      
1128       12        
1128       813       
1130       555       
1131       1114      
1131       1679      
1131       1803      
1134       1730      
1134       1920      
1135       1392      
1136       1216      
1137       72        
1137       1846      
1138       124       
1138       604       
1138       639       
1139       63        
1139       1150      
1139       1322      
1139       1373      
1140       1046      
1141       524       
1141       1214      
1141       1615      
1144       1225      
1145       412       
1146       2037      
1147       1643      
1148       888       
1148       995       
1148       1630      
1149       402       
1149       1731      
1152       173       
1152       443       
1152       602       
1152       986       
1152       1729      
1153       712       
1153       816       
1153       1237      
1153       1594      
1153       1708      
1154       1674      
1154       1932      
1154       2024      
1155       1203      
1156       240       
1156       250       
1156       1048      
1156       1458      
1156       1960      
1157       748       
1157       1791      
1158       704       
1159       1611      
1160       72        
1160       1710      
1160       1969      
1161       77        
1161       1598      
1162       698       
1162       700       
1162       1428      
1163       1693      
1163       1979      
1164       1697      
1165       726       
1166       648       
1167       1111      
1167       1992      
1168       876       
1168       1746      
1168       1772      
1169       671       
1169       762       
1169       1627      
1169       1741      
1169       1941      
1170       526       
1170       648       
1170       1258      
1171       1916      
1171       2007      
1173       577       
1173       718       
1173       1646      
1174       712       
1174       1736      
1174       1738      
1174       2002      
1175       593       
1175       743       
1175       916       
1175       1027      
1175       1996      
1176       244       
1176       1258      
1176       1402      
1177       410       
1178       86        
1178       520       
1178       723       
1178       973       
1178       1556      
1178       1692      
1179       694       
1180       211       
1180       1162      
1180       1672      
1180       1695      
1181       967       
1183       1638      
1184       16        
1184       1755      
1184       1930      
1184       2016      
1185       399       
1185       1183      
1185       1470      
1185       1760      
1185       1907      
1186       543       
1186       724       
1187       175       
1187       700       
1187       1068      
1188       1224      
1189       419       
1189       560       
1189       751       
1189       1163      
1189       1689      
1189       1763      
1189       1947      
1191       136       
1191       1634      
1191       1711      
1192       134       
1192       2040      
1193       747       
1193       1720      
1194       1932      
1196       616       
1196       1934      
1197       857       
1197       1774      
1199       1581      
1200       1176      
1200       1630      
1201       1307      
1201       1752      
1201       1978      
1202       90        
1202       1451      
1203       1499      
1203       1564      
1203       1984      
1204       1159      
1204       1179      
1204       1568      
1205       642       
1205       659       
1205       1676      
1205       1705      
1205       1752      
1206       216       
1206       1718      
1207       500       
1207       571       
1207       1009      
1207       1292      
1207       1348      
1208       678       
1208       1848      
1209       1015      
1209       1721      
1209       2045      
1211       184       
1211       555       
1211       568       
1212       1094      
1213       671       
1213       1154      
1215       1109      
1217       749       
1217       1166      
1217       1987      
1218       338       
1218       1262      
1218       2006      
1219       749       
1219       1691      
1219       1744      
1219       1769      
1220       284       
1220       1173      
1220       1675      
1220       1980      
1221       163       
1221       1434      
1221       1757      
1221       1938      
1222       29        
1223       554       
1223       1674      
1224       738       
1227       344       
1227       1509      
1229       140       
1230       490       
1230       1176      
1231       58        
1231       174       
1232       826       
1233       575       
1233       622       
1233       1179      
1233       1246      
1233       1796      
1233       1940      
1234       495       
1234       684       
1234       1768      
1234       1960      
1234       1971      
1235       595       
1235       1402      
1235       1675      
1236       1768      
1237       427       
1237       526       
1237       1740      
1239       2043      
1240       286       
1241       1858      
1241       2033      
1243       477       
1245       724       
1246       475       
1246       1236      
1248       1218      
1249       722       
1249       856       
1250       684       
1250       1723      
1251       922       
1251       1053      
1251       1421      
1253       132       
1253       1226      
1253       1743      
1255       200       
1256       760       
1257       1676      
1259       989       
1259       1181      
1261       975       
1262       662       
1265       1277      
1265       1755      
1266       962       
1266       1182      
1267       912       
1267       1178      
1267       1362      
1268       8         
1268       384       
1268       721       
1268       1000      
1268       1262      
1268       1876      
1269       1053      
1269       1211      
1269       1236      
1269       1748      
1269       2041      
1270       910       
1271       965       
1271       1545      
1271       1678      
1271       1725      
1273       1661      
1273       1735      
1273       1938      
1275       1030      
1275       1930      
1276       994       
1277       551       
1277       976       
1279       1488      
1279       1627      
1280       736       
1280       1443      
1280       1748      
1281       1379      
1281       1394      
1281       1644      
1281       1663      
1281       1919      
1282       978       
1282       1511      
1282       1987      
1283       738       
1283       913       
1283       1089      
1283       1231      
1284       1099      
1284       1160      
1285       385       
1285       542       
1285       725       
1285       878       
1285       1428      
1285       1551      
1286       380       
1286       1174      
1286       1968      
1287       792       
1288       70        
1288       970       
1288       1809      
1289       859       
1289       1217      
1289       1992      
1290       164       
1290       335       
1290       408       
1290       450       
1290       1100      
1291       1517      
1293       1081      
1293       1805      
1293       1836      
1294       1951      
1295       110       
1295       169       
1295       1418      
1296       366       
1296       410       
1297       711       
1297       770       
1297       1128      
1297       1129      
1297       1666      
1297       1746      
1297       1770      
1297       1818      
1297       1880      
1298       617       
1298       714       
1298       1086      
1298       1828      
1298       1866      
1298       2036      
1299       211       
1299       930       
1299       1144      
1299       1587      
1299       1727      
1299       1755      
1299       1804      
1299       1991      
1299       1999      
1300       478       
1300       1264      
1301       1010      
1301       1071      
1301       1481      
1301       1784      
1302       300       
1302       1607      
1302       1658      
1302       1770      
1303       1129      
1303       1444      
1304       723       
1305       391       
1305       456       
1305       621       
1305       658       
1305       1200      
1305       1846      
1306       613       
1306       1736      
1307       570       
1308       1029      
1309       644       
1309       2032      
1311       823       
1312       788       
1312       1982      
1313       436       
1313       652       
1313       950       
1313       1327      
1313       1439      
1313       1486      
1313       2000      
1313       2029      
1313       2045      
1314       1998      
1315       838       
1315       1087      
1315       1733      
1316       604       
1316       993       
1317       29        
1317       922       
1317       1340      
1319       120       
1319       522       
1319       845       
1319       1871      
1320       845       
1320       1764      
1321       268       
1321       1578      
1321       1636      
1322       947       
1323       973       
1324       1369      
1324       1457      
1325       286       
1326       1828      
1327       799       
1327       1423      
1328       22        
1328       226       
1328       1856      
1329       298       
1329       922       
1329       927       
1329       1994      
1330       392       
1330       581       
1330       758       
1330       1469      
1330       1599      
1330       1961      
1331       173       
1331       397       
1331       715       
1331       1534      
1331       2024      
1331       2032      
1332       922       
1332       1152      
1332       1311      
1332       2012      
1333       969       
1333       1258      
1333       1432      
1333       1478      
1333       1552      
1333       1566      
1333       1927      
1334       1290      
1335       938       
1335       1878      
1335       1903      
1336       711       
1336       1314      
1336       1882      
1336       1892      
1337       2026      
1338       728       
1338       1670      
1339       247       
1339       523       
1339       1266      
1339       1874      
1339       1996      
1340       830       
1341       1245      
1341       1336      
1342       1891      
1343       628       
1344       174       
1344       1366      
1344       1409      
1345       483       
1345       825       
1345       1737      
1345       1803      
1345       1878      
1346       208       
1346       1052      
1346       1606      
1347       193       
1347       603       
1347       665       
1347       862       
1347       1464      
1347       1778      
1348       462       
1348       1455      
1349       1039      
1349       1344      
1349       1421      
1350       877       
1350       1722      
1351       420       
1352       1158      
1353       1810      
1353       1858      
1354       1356      
1356       1766      
1356       1925      
1357       2030      
1358       328       
1358       1962      
1360       567       
1360       568       
1360       880       
1360       904       
1360       1176      
1361       904       
1361       1115      
1361       1538      
1362       824       
1362       1329      
1363       504       
1363       856       
1363       1048      
1363       1686      
1363       1872      
1364       110       
1364       305       
1364       626       
1364       1920      
1364       2001      
1364       2006      
1365       28        
1365       514       
1365       1762      
1366       452       
1366       575       
1367       490       
1367       1436      
1368       871       
1368       909       
1368       1022      
1369       1672      
1369       1756      
1369       1944      
1370       737       
1371       544       
1372       725       
1372       984       
1373       166       
1373       1163      
1375       1929      
1376       1322      
1376       1402      
1377       457       
1377       1508      
1378       1124      
1378       1261      
1379       347       
1379       1426      
1380       1505      
1380       1989      
1380       2033      
1381       759       
1381       778       
1382       909       
1382       1465      
1383       132       
1383       1864      
1384       520       
1384       776       
1384       1000      
1386       968       
1387       1775      
1387       1976      
1390       684       
1390       2005      
1391       15        
1391       1303      
1392       284       
1392       1519      
1393       1553      
1393       1674      
1393       1937      
1394       29        
1394       1676      
1394       1704      
1395       224       
1395       1136      
1396       902       
1396       1210      
1396       1830      
1396       1966      
1397       739       
1397       950       
1397       1105      
1398       380       
1398       1544      
1399       1332      
1400       1665      
1401       791       
1401       1482      
1401       1566      
1403       978       
1403       1222      
1404       1628      
1406       747       
1406       1314      
1406       1844      
1407       695       
1408       911       
1408       1928      
1409       941       
1409       1482      
1409       1677      
1409       2018      
1410       622       
1410       843       
1410       970       
1410       1430      
1410       1728      
1410       1784      
1411       137       
1411       409       
1411       430       
1411       499       
1411       675       
1411       1193      
1411       1662      
1411       1675      
1411       1947      
1411       1977      
1412       186       
1412       731       
1412       906       
1412       1215      
1412       1872      
1413       543       
1413       923       
1414       504       
1414       690       
1414       843       
1414       1189      
1415       652       
1415       1160      
1415       1739      
1416       940       
1416       1288      
1416       1352      
1416       1749      
1416       1932      
1416       1985      
1417       960       
1417       1478      
1417       1504      
1417       1921      
1418       973       
1418       1622      
1419       1678      
1419       1757      
1420       385       
1421       507       
1421       1005      
1421       1507      
1422       935       
1422       1948      
1423       1743      
1424       8         
1424       644       
1424       921       
1424       923       
1424       1688      
1425       31        
1425       1028      
1425       1381      
1425       1739      
1425       1757      
1425       1979      
1425       2017      
1426       396       
1426       406       
1426       604       
1426       2036      
1427       191       
1427       577       
1427       1624      
1427       1683      
1427       1700      
1427       1976      
1428       58        
1428       509       
1429       653       
1429       1815      
1429       1821      
1429       1969      
1429       1985      
1430       364       
1430       952       
1430       969       
1431       1745      
1431       1784      
1431       1812      
1432       2024      
1433       92        
1433       1195      
1433       1456      
1433       1754      
1434       1026      
1435       861       
1435       1632      
1435       1700      
1435       1888      
1436       321       
1436       1535      
1436       1750      
1437       920       
1437       1212      
1438       2019      
1439       1181      
1439       2016      
1440       722       
1440       750       
1440       968       
1440       1222      
1440       1239      
1440       1938      
1440       1944      
1440       2028      
1441       697       
1441       708       
1441       1263      
1441       1722      
1441       1742      
1441       1997      
1442       1933      
1442       1991      
1443       129       
1443       344       
1443       569       
1443       659       
1443       744       
1443       969       
1443       1697      
1444       908       
1444       1420      
1445       1146      
1445       1197      
1445       1222      
1445       1956      
1446       935       
1446       1980      
1447       3         
1447       982       
1447       1871      
1448       434       
1448       1704      
1449       1471      
1449       1586      
1450       425       
1450       1628      
1450       1929      
1451       456       
1451       726       
1451       1409      
1451       1927      
1452       335       
1452       1691      
1452       1956      
1453       95        
1453       901       
1455       1604      
1456       1692      
1456       1936      
1456       1950      
1457       501       
1457       540       
1457       651       
1457       898       
1457       915       
1457       1093      
1457       1213      
1457       1661      
1457       1753      
1457       1861      
1457       1986      
1458       625       
1458       651       
1458       1664      
1459       364       
1459       1227      
1459       1732      
1459       2004      
1460       651       
1460       746       
1460       778       
1460       987       
1460       1426      
1460       1533      
1461       1123      
1461       1199      
1461       1681      
1462       768       
1462       1677      
1462       1924      
1463       161       
1463       699       
1463       1104      
1463       1428      
1463       1512      
1463       1812      
1465       94        
1465       1691      
1466       1695      
1466       1948      
1467       171       
1468       1930      
1469       1473      
1469       1559      
1469       1824      
1470       695       
1470       1664      
1471       988       
1472       525       
1472       1637      
1472       1804      
1473       1431      
1473       1669      
1474       828       
1475       269       
1475       807       
1475       969       
1475       1777      
1475       1992      
1476       1234      
1476       1858      
1477       313       
1477       942       
1477       1193      
1478       1984      
1479       46        
1479       1036      
1479       1378      
1480       144       
1480       1088      
1480       1736      
1480       1855      
1480       1993      
1481       667       
1481       847       
1483       283       
1483       652       
1483       1701      
1483       1750      
1484       629       
1485       1789      
1485       1980      
1486       1563      
1488       1231      
1489       441       
1489       556       
1489       952       
1489       1403      
1490       659       
1490       792       
1491       470       
1491       516       
1491       925       
1491       937       
1491       1740      
1492       1682      
1492       1725      
1493       776       
1493       1597      
1494       2020      
1495       1177      
1495       1216      
1495       2013      
1496       106       
1496       1982      
1497       365       
1497       954       
1497       1490      
1498       1236      
1499       1652      
1499       1706      
1499       1950      
1500       961       
1500       2003      
1501       1754      
1501       1950      
1504       140       
1504       964       
1504       1956      
1504       2026      
1505       941       
1505       1220      
1505       1551      
1505       1692      
1505       1898      
1505       1935      
1506       686       
1506       1020      
1507       1500      
1507       1802      
1508       618       
1508       1421      
1508       1434      
1508       1678      
1508       1698      
1508       1748      
1508       1964      
1509       89        
1509       266       
1509       1256      
1509       1437      
1509       1693      
1509       2006      
1510       478       
1510       1145      
1510       1767      
1511       725       
1511       1456      
1511       1680      
1513       34        
1513       728       
1513       1195      
1513       1481      
1514       1488      
1514       1760      
1515       485       
1515       677       
1515       1679      
1516       1630      
1517       625       
1517       977       
1517       2009      
1519       2011      
1520       826       
1520       1069      
1520       1899      
1521       187       
1521       421       
1521       678       
1521       756       
1521       1193      
1521       1283      
1521       1433      
1522       997       
1522       1232      
1522       1984      
1523       44        
1523       668       
1523       776       
1523       1002      
1523       1848      
1523       1924      
1523       1958      
1524       732       
1524       1310      
1524       1678      
1525       1462      
1525       1480      
1525       1938      
1525       2003      
1526       241       
1526       450       
1526       1917      
1527       648       
1527       934       
1527       2018      
1529       684       
1529       739       
1529       1512      
1530       949       
1531       111       
1531       1457      
1531       1734      
1532       1940      
1533       263       
1533       1677      
1535       99        
1536       393       
1536       975       
1536       1291      
1536       1297      
1536       1679      
1536       1718      
1537       1389      
1539       67        
1539       1293      
1539       1315      
1539       1804      
1540       766       
1540       1680      
1541       1326      
1541       1387      
1543       923       
1543       942       
1543       1178      
1543       1744      
1544       1560      
1544       1900      
1545       695       
1545       1505      
1545       1690      
1545       1742      
1546       686       
1546       1243      
1546       1426      
1547       1029      
1547       1925      
1548       742       
1548       1292      
1548       1440      
1551       227       
1552       1553      
1552       1718      
1553       1124      
1555       597       
1555       648       
1555       1642      
1557       640       
1559       1374      
1559       2012      
1560       602       
1560       1204      
1561       1275      
1562       464       
1562       545       
1562       1794      
1566       1412      
1567       557       
1568       639       
1569       711       
1569       1244      
1569       1482      
1569       1618      
1569       2015      
1570       1067      
1570       1567      
1570       1582      
1571       1572      
1573       463       
1573       1487      
1574       1672      
1576       257       
1576       532       
1576       1710      
1578       751       
1579       1755      
1580       961       
1581       1726      
1584       729       
1584       1609      
1584       1706      
1584       1943      
1585       136       
1585       1080      
1587       761       
1587       1181      
1587       1227      
1588       133       
1588       1723      
1589       940       
1589       1163      
1590       986       
1590       1554      
1592       1114      
1593       1546      
1594       820       
1596       703       
1597       662       
1600       939       
1601       182       
1601       606       
1602       1260      
1602       1667      
1603       773       
1603       1816      
1604       1186      
1604       1672      
1606       701       
1606       885       
1608       568       
1613       1770      
1616       56        
1616       2009      
1617       634       
1617       1908      
1618       152       
1621       614       
1621       1609      
1622       9         
1622       1753      
1623       598       
1625       865       
1626       1670      
1626       1770      
1627       385       
1627       1689      
1629       1993      
1630       1558      
1631       1743      
1632       667       
1633       89        
1633       1868      
1634       646       
1635       133       
1636       1664      
1638       180       
1639       721       
1640       1986      
1641       1600      
1643       1031      
1645       348       
1648       712       
1649       209       
1649       655       
1649       1034      
1649       1242      
1649       1492      
1651       1082      
1652       1100      
1653       167       
1653       526       
1653       1592      
1654       81        
1655       1190      
1655       1592      
1656       820       
1656       1835      
1657       991       
1657       1683      
1659       1862      
1660       1743      
1662       1686      
1662       1746      
1664       464       
1664       738       
1664       1173      
1664       1192      
1665       620       
1665       762       
1665       1113      
1665       1231      
1665       1350      
1665       1658      
1665       1664      
1666       229       
1666       650       
1666       1657      
1666       2004      
1667       141       
1667       585       
1667       1588      
1668       1966      
1670       1155      
1670       1182      
1670       2000      
1671       1181      
1671       1455      
1671       1706      
1672       192       
1672       1603      
1673       192       
1673       1144      
1673       1596      
1674       601       
1674       1060      
1675       1263      
1675       1504      
1677       685       
1678       700       
1679       1737      
1680       170       
1680       314       
1680       1465      
1681       532       
1681       974       
1681       2015      
1682       390       
1682       1486      
1682       1810      
1682       1929      
1683       171       
1683       1152      
1683       1512      
1684       664       
1685       150       
1685       1756      
1686       853       
1686       1030      
1686       1752      
1687       1171      
1688       1228      
1688       1683      
1691       2044      
1692       669       
1693       596       
1693       719       
1693       1042      
1693       1884      
1694       1746      
1695       234       
1696       189       
1696       408       
1696       1036      
1696       1688      
1697       1195      
1697       1473      
1697       1691      
1697       1695      
1697       2031      
1698       184       
1699       513       
1699       585       
1699       984       
1699       1218      
1699       1729      
1700       1532      
1700       2047      
1701       673       
1701       1124      
1701       1165      
1701       1723      
1701       1728      
1701       1788      
1702       1180      
1702       1838      
1703       345       
1703       1742      
1704       641       
1704       650       
1704       1278      
1705       640       
1705       1334      
1706       1041      
1706       1471      
1706       2019      
1707       1616      
1708       1517      
1709       548       
1709       1965      
1709       2035      
1711       1734      
1712       526       
1712       1738      
1713       2024      
1714       1197      
1714       1924      
1715       223       
1715       539       
1716       1028      
1716       1466      
1717       713       
1717       1709      
1719       1931      
1720       132       
1721       500       
1721       1560      
1722       711       
1724       1353      
1724       1591      
1724       1667      
1725       142       
1726       882       
1727       136       
1727       847       
1727       993       
1729       924       
1729       1712      
1729       1933      
1731       773       
1731       1086      
1731       1683      
1731       1706      
1731       1769      
1733       811       
1733       934       
1733       1687      
1733       1754      
1733       1997      
1735       1708      
1738       521       
1738       1531      
1739       400       
1739       1668      
1741       197       
1741       1543      
1743       613       
1743       692       
1744       957       
1744       1673      
1744       1689      
1744       1723      
1744       1979      
1744       2045      
1745       229       
1745       1756      
1746       1953      
1747       360       
1747       522       
1747       2002      
1748       655       
1749       855       
1750       124       
1754       734       
1754       1473      
1755       746       
1755       1094      
1755       1959      
1756       434       
1756       1726      
1756       1954      
1759       275       
1759       1524      
1760       1156      
1760       1878      
1761       1083      
1762       1516      
1762       1784      
1763       334       
1764       1934      
1765       389       
1766       1774      
1768       522       
1768       1696      
1768       1737      
1771       645       
1772       127       
1772       1716      
1775       1561      
1775       1759      
1776       87        
1776       161       
1776       172       
1776       668       
1776       710       
1777       738       
1777       1007      
1778       1754      
1778       1784      
1778       1938      
1779       1154      
1779       1624      
1779       1757      
1780       985       
1781       463       
1781       903       
1781       1169      
1781       1726      
1782       910       
1783       28        
1783       1732      
1785       926       
1790       1272      
1791       1816      
1791       1963      
1792       810       
1792       1214      
1792       1902      
1792       1931      
1793       417       
1793       797       
1793       807       
1793       1178      
1793       1513      
1793       1883      
1793       1939      
1794       137       
1794       162       
1794       1502      
1794       1816      
1795       425       
1795       814       
1795       1538      
1796       459       
1796       1768      
1796       2010      
1797       15        
1797       1582      
1798       1055      
1798       1403      
1800       679       
1801       1285      
1801       1721      
1801       1858      
1801       1963      
1802       396       
1803       1292      
1804       1434      
1807       800       
1808       1668      
1808       1938      
1809       1961      
1809       1981      
1810       278       
1810       686       
1811       341       
1811       1327      
1811       1944      
1812       204       
1812       815       
1813       1723      
1814       599       
1814       1468      
1815       524       
1815       797       
1815       1016      
1815       1533      
1815       1854      
1817       273       
1817       1181      
1817       1937      
1819       1664      
1820       68        
1820       109       
1821       776       
1824       777       
1824       1157      
1824       1230      
1825       763       
1825       875       
1825       1074      
1825       1246      
1825       1739      
1825       1885      
1825       1931      
1826       833       
1826       840       
1826       900       
1826       1939      
1827       1180      
1827       1739      
1828       536       
1829       1442      
1830       398       
1830       1401      
1831       276       
1831       830       
1832       869       
1833       1801      
1835       772       
1836       1257      
1838       76        
1839       415       
1839       1370      
1840       1076      
1841       206       
1841       795       
1841       851       
1841       1409      
1841       1629      
1842       77        
1842       2040      
1844       126       
1846       1781      
1847       981       
1847       1901      
1849       194       
1849       635       
1850       140       
1850       312       
1850       1327      
1850       1558      
1852       1548      
1853       595       
1853       1952      
1856       672       
1856       1273      
1856       1696      
1856       1857      
1857       202       
1857       613       
1857       841       
1857       857       
1857       1964      
1858       1285      
1859       1097      
1859       1549      
1860       904       
1861       669       
1861       894       
1862       1046      
1862       1606      
1864       962       
1865       1717      
1866       1686      
1866       1960      
1870       259       
1870       1092      
1871       428       
1871       1964      
1872       1629      
1873       104       
1873       173       
1873       837       
1873       1115      
1874       158       
1875       352       
1875       737       
1875       1243      
1875       1321      
1875       1446      
1875       1790      
1875       1964      
1876       763       
1876       1088      
1877       94        
1877       1065      
1877       1690      
1877       1817      
1878       1012      
1878       1536      
1879       346       
1880       1550      
1880       1934      
1881       206       
1881       1493      
1881       1658      
1883       64        
1883       2031      
1884       28        
1884       849       
1884       1168      
1885       1751      
1885       1962      
1886       1327      
1886       1838      
1887       1624      
1887       2009      
1888       479       
1888       1484      
1888       1556      
1888       1803      
1889       542       
1889       648       
1889       1500      
1890       1728      
1891       1014      
1891       1538      
1891       1730      
1891       1987      
1892       1916      
1893       1086      
1893       1115      
1893       1507      
1893       1730      
1893       1766      
1895       1514      
1896       724       
1897       1215      
1897       1350      
1897       1843      
1899       1096      
1900       1499      
1901       1024      
1903       1319      
1904       701       
1904       1519      
1904       1607      
1905       328       
1905       890       
1905       974       
1906       718       
1906       1508      
1907       786       
1907       926       
1908       717       
1911       988       
1913       620       
1914       814       
1914       1198      
1914       1826      
1915       408       
1915       1265      
1915       1943      
1916       25        
1916       779       
1917       1871      
1919       617       
1920       749       
1920       1422      
1920       1721      
1920       1956      
1921       753       
1921       857       
1921       995       
1921       1956      
1922       1003      
1922       1100      
1922       1738      
1922       2010      
1922       2016      
1922       2020      
1923       581       
1923       840       
1923       1544      
1923       1629      
1923       1695      
1924       190       
1924       721       
1924       953       
1924       1742      
1924       1933      
1924       2022      
1925       777       
1925       1229      
1925       1260      
1925       1476      
1926       1792      
1927       1165      
1929       703       
1931       2017      
1932       1487      
1932       1980      
1932       1988      
1933       1612      
1933       1958      
1934       256       
1934       1705      
1934       1964      
1935       1939      
1936       1192      
1937       456       
1937       794       
1937       851       
1937       1348      
1937       1510      
1938       937       
1939       88        
1939       672       
1939       1173      
1939       1209      
1939       1481      
1939       2012      
1940       1788      
1941       112       
1941       1828      
1942       1924      
1943       1160      
1943       1534      
1944       190       
1945       218       
1945       1396      
1945       1933      
1946       761       
1947       640       
1948       762       
1948       1108      
1950       238       
1950       733       
1950       1217      
1950       1614      
1951       1659      
1952       798       
1952       1180      
1952       1224      
1953       1499      
1953       1574      
1953       1735      
1953       1882      
1954       1160      
1954       1179      
1954       1246      
1954       1898      
1955       1693      
1955       1733      
1955       1935      
1955       2022      
1956       1688      
1956       1926      
1957       441       
1957       477       
1957       716       
1957       1460      
1957       1738      
1958       494       
1958       1247      
1958       1956      
1959       1177      
1959       1929      
1961       744       
1961       1480      
1961       1659      
1961       1785      
1961       1899      
1961       1931      
1963       676       
1964       1730      
1965       1345      
1967       683       
1967       1007      
1967       1605      
1967       1992      
1968       136       
1968       470       
1968       1484      
1968       1500      
1968       1736      
1968       2004      
1969       692       
1969       741       
1969       885       
1969       1162      
1969       1305      
1969       1440      
1969       1973      
1969       2010      
1970       579       
1970       1546      
1970       1760      
1971       16        
1971       231       
1971       1000      
1971       1034      
1971       1081      
1971       1668      
1971       1756      
1971       1932      
1971       1950      
1972       1482      
1972       1523      
1974       138       
1974       1752      
1975       285       
1976       1157      
1977       1473      
1977       1966      
1977       1968      
1978       136       
1978       702       
1979       145       
1979       664       
1979       1222      
1979       1619      
1979       1926      
1979       2001      
1980       1693      
1980       1878      
1981       689       
1981       1131      
1981       1455      
1981       1621      
1981       2014      
1981       2025      
1982       1991      
1984       1706      
1984       1783      
1985       141       
1985       223       
1985       333       
1985       736       
1985       776       
1985       1007      
1985       1758      
1986       266       
1986       1710      
1986       2022      
1986       2031      
1987       586       
1987       678       
1987       749       
1987       1000      
1988       209       
1988       1728      
1988       1770      
1989       644       
1989       1447      
1989       1479      
1989       1886      
1990       278       
1990       466       
1991       1749      
1991       1989      
1992       1676      
1992       1966      
1993       1625      
1994       1718      
1995       776       
1995       926       
1995       1129      
2000       476       
2000       664       
2000       1871      
2001       412       
2001       828       
2001       1023      
2001       1806      
2001       2022      
2002       1922      
2003       1053      
2003       1668      
2004       148       
2004       642       
2004       674       
2004       1286      
2005       762       
2005       1173      
2005       1664      
2006       2000      
2008       363       
2009       1478      
2010       74        
2010       983       
2010       1786      
2011       469       
2011       523       
2011       976       
2013       828       
2013       942       
2013       950       
2013       1417      
2014       1476      
2015       238       
2016       1582      
2017       662       
2017       1158      
2017       1230      
2017       1423      
2017       1634      
2017       1963      
2018       1032      
2018       1642      
2019       527       
2019       1181      
2019       1999      
2021       1465      
2021       1723      
2021       1750      
2023       54        
2023       1210      
2023       1498      
2024       551       
2024       1682      
2025       1165      
2025       1198      
2025       1876      
2025       1993      
2025       2024      
2025       2041      
2027       1692      
2028       726       
2029       1549      
2029       1636      
2030       995       
2030       1548      
2031       287       
2031       772       
2033       968       
2033       1474      
2034       801       
2035       968       
2035       1633      
2035       1667      
2035       1696      
2035       1774      
2035       1925      
2036       470       
2037       153       
2037       1672      
2037       2009      
2037       2025      
2039       1333      
2040       710       
2040       945       
2041       720       
2041       968       
2043       843       
2043       1192      
2044       771       
2045       1235      
2045       1958      
2047       1229      
